0.000000 -2849886.518151 4656214.273042 3287190.600563 0.000000 0.000000 0.000000 1.000000
0.020952 -2849886.467707 4656214.273486 3287190.601008 0.000000 0.000000 0.000000 1.000000
0.029823 -2849886.416921 4656214.274271 3287190.601796 0.000000 0.000000 0.000000 1.000000
0.039821 -2849886.365728 4656214.275465 3287190.602993 0.000000 0.000000 0.000000 1.000000
0.049800 -2849886.314067 4656214.277126 3287190.604660 0.000000 0.000000 0.000000 1.000000
0.059804 -2849886.261886 4656214.279307 3287190.606848 0.000000 0.000000 0.000000 1.000000
0.069782 -2849886.209137 4656214.282056 3287190.609606 0.000000 0.000000 0.000000 1.000000
0.079763 -2849886.155776 4656214.285417 3287190.612977 0.000000 0.000000 0.000000 1.000000
0.089764 -2849886.101764 4656214.289429 3287190.617000 0.000000 0.000000 0.000000 1.000000
0.099808 -2849886.047068 4656214.294125 3287190.621710 0.000000 0.000000 0.000000 1.000000
0.109760 -2849885.991654 4656214.299539 3287190.627139 0.000000 0.000000 0.000000 1.000000
0.119767 -2849885.935495 4656214.305697 3287190.633314 0.000000 0.000000 0.000000 1.000000
0.129786 -2849885.878566 4656214.312627 3287190.640261 0.000000 0.000000 0.000000 1.000000
0.139756 -2849885.820843 4656214.320349 3287190.648004 0.000000 0.000000 0.000000 1.000000
0.149840 -2849885.762306 4656214.328886 3287190.656562 0.000000 0.000000 0.000000 1.000000
0.159756 -2849885.702937 4656214.338256 3287190.665955 0.000000 0.000000 0.000000 1.000000
0.169818 -2849885.642718 4656214.348475 3287190.676198 0.000000 0.000000 0.000000 1.000000
0.179765 -2849885.581634 4656214.359558 3287190.687308 0.000000 0.000000 0.000000 1.000000
0.189830 -2849885.519672 4656214.371520 3287190.699297 0.000000 0.000000 0.000000 1.000000
0.199781 -2849885.456820 4656214.384372 3287190.712178 0.000000 0.000000 0.000000 1.000000
0.209776 -2849885.393067 4656214.398125 3287190.725962 0.000000 0.000000 0.000000 1.000000
0.219774 -2849885.328403 4656214.412790 3287190.740659 0.000000 0.000000 0.000000 1.000000
0.229764 -2849885.262818 4656214.428374 3287190.756277 0.000000 0.000000 0.000000 1.000000
0.239775 -2849885.196306 4656214.444887 3287190.772825 0.000000 0.000000 0.000000 1.000000
0.249847 -2849885.128859 4656214.462334 3287190.790310 0.000000 0.000000 0.000000 1.000000
0.259783 -2849885.060469 4656214.480723 3287190.808738 0.000000 0.000000 0.000000 1.000000
0.269758 -2849884.991133 4656214.500060 3287190.828115 0.000000 0.000000 0.000000 1.000000
0.279771 -2849884.920843 4656214.520350 3287190.848446 0.000000 0.000000 0.000000 1.000000
0.289806 -2849884.849596 4656214.541597 3287190.869737 0.000000 0.000000 0.000000 1.000000
0.299764 -2849884.777387 4656214.563806 3287190.891991 0.000000 0.000000 0.000000 1.000000
0.309779 -2849884.704213 4656214.586980 3287190.915212 0.000000 0.000000 0.000000 1.000000
0.319758 -2849884.630070 4656214.611123 3287190.939403 0.000000 0.000000 0.000000 1.000000
0.329757 -2849884.554954 4656214.636239 3287190.964568 0.000000 0.000000 0.000000 1.000000
0.339809 -2849884.478864 4656214.662329 3287190.990710 0.000000 0.000000 0.000000 1.000000
0.349848 -2849884.401796 4656214.689397 3287191.017831 0.000000 0.000000 0.000000 1.000000
0.359766 -2849884.323749 4656214.717445 3287191.045932 0.000000 0.000000 0.000000 1.000000
0.369791 -2849884.244718 4656214.746474 3287191.075018 0.000000 0.000000 0.000000 1.000000
0.379821 -2849884.164705 4656214.776487 3287191.105089 0.000000 0.000000 0.000000 1.000000
0.389817 -2849884.083707 4656214.807485 3287191.136146 0.000000 0.000000 0.000000 1.000000
0.399796 -2849884.001723 4656214.839470 3287191.168191 0.000000 0.000000 0.000000 1.000000
0.409798 -2849883.918750 4656214.872442 3287191.201226 0.000000 0.000000 0.000000 1.000000
0.419762 -2849883.834789 4656214.906404 3287191.235252 0.000000 0.000000 0.000000 1.000000
0.429758 -2849883.749837 4656214.941356 3287191.270269 0.000000 0.000000 0.000000 1.000000
0.439825 -2849883.663893 4656214.977299 3287191.306279 0.000000 0.000000 0.000000 1.000000
0.449789 -2849883.576958 4656215.014234 3287191.343283 0.000000 0.000000 0.000000 1.000000
0.459767 -2849883.489030 4656215.052163 3287191.381282 0.000000 0.000000 0.000000 1.000000
0.469773 -2849883.400108 4656215.091085 3287191.420276 0.000000 0.000000 0.000000 1.000000
0.479757 -2849883.310192 4656215.131001 3287191.460265 0.000000 0.000000 0.000000 1.000000
0.489812 -2849883.219281 4656215.171912 3287191.501251 0.000000 0.000000 0.000000 1.000000
0.499813 -2849883.127375 4656215.213818 3287191.543234 0.000000 0.000000 0.000000 1.000000
0.509810 -2849883.034473 4656215.256720 3287191.586214 0.000000 0.000000 0.000000 1.000000
0.519774 -2849882.940574 4656215.300618 3287191.630192 0.000000 0.000000 0.000000 1.000000
0.529792 -2849882.845679 4656215.345513 3287191.675169 0.000000 0.000000 0.000000 1.000000
0.539774 -2849882.749788 4656215.391405 3287191.721143 0.000000 0.000000 0.000000 1.000000
0.549817 -2849882.652898 4656215.438295 3287191.768117 0.000000 0.000000 0.000000 1.000000
0.559768 -2849882.555012 4656215.486181 3287191.816090 0.000000 0.000000 0.000000 1.000000
0.569759 -2849882.456127 4656215.535066 3287191.865062 0.000000 0.000000 0.000000 1.000000
0.579843 -2849882.356245 4656215.584948 3287191.915033 0.000000 0.000000 0.000000 1.000000
0.589761 -2849882.255364 4656215.635829 3287191.966005 0.000000 0.000000 0.000000 1.000000
0.599819 -2849882.153485 4656215.687708 3287192.017976 0.000000 0.000000 0.000000 1.000000
0.609782 -2849882.050608 4656215.740585 3287192.070948 0.000000 0.000000 0.000000 1.000000
0.619815 -2849881.946729 4656215.794463 3287192.124921 0.000000 0.000000 0.000000 1.000000
0.629772 -2849881.841854 4656215.849338 3287192.179893 0.000000 0.000000 0.000000 1.000000
0.639760 -2849881.735980 4656215.905212 3287192.235866 0.000000 0.000000 0.000000 1.000000
0.649767 -2849881.629107 4656215.962085 3287192.292839 0.000000 0.000000 0.000000 1.000000
0.659867 -2849881.521235 4656216.019957 3287192.350813 0.000000 0.000000 0.000000 1.000000
0.669837 -2849881.412363 4656216.078829 3287192.409788 0.000000 0.000000 0.000000 1.000000
0.679779 -2849881.302493 4656216.138700 3287192.469763 0.000000 0.000000 0.000000 1.000000
0.689752 -2849881.191623 4656216.199570 3287192.530740 0.000000 0.000000 0.000000 1.000000
0.699762 -2849881.079753 4656216.261439 3287192.592718 0.000000 0.000000 0.000000 1.000000
0.709755 -2849880.966884 4656216.324308 3287192.655696 0.000000 0.000000 0.000000 1.000000
0.719819 -2849880.853016 4656216.388177 3287192.719676 0.000000 0.000000 0.000000 1.000000
0.729756 -2849880.738148 4656216.453045 3287192.784657 0.000000 0.000000 0.000000 1.000000
0.739769 -2849880.622280 4656216.518913 3287192.850640 0.000000 0.000000 0.000000 1.000000
0.749819 -2849880.505413 4656216.585780 3287192.917623 0.000000 0.000000 0.000000 1.000000
0.759796 -2849880.387545 4656216.653647 3287192.985608 0.000000 0.000000 0.000000 1.000000
0.769775 -2849880.268679 4656216.722514 3287193.054594 0.000000 0.000000 0.000000 1.000000
0.779753 -2849880.148812 4656216.792381 3287193.124581 0.000000 0.000000 0.000000 1.000000
0.789755 -2849880.027946 4656216.863247 3287193.195570 0.000000 0.000000 0.000000 1.000000
0.799834 -2849879.906080 4656216.935113 3287193.267560 0.000000 0.000000 0.000000 1.000000
0.809844 -2849879.783214 4656217.007980 3287193.340551 0.000000 0.000000 0.000000 1.000000
0.819758 -2849879.659348 4656217.081845 3287193.414544 0.000000 0.000000 0.000000 1.000000
0.829786 -2849879.534482 4656217.156711 3287193.489539 0.000000 0.000000 0.000000 1.000000
0.839760 -2849879.408617 4656217.232577 3287193.565534 0.000000 0.000000 0.000000 1.000000
0.849894 -2849879.281751 4656217.309442 3287193.642532 0.000000 0.000000 0.000000 1.000000
0.859782 -2849879.153886 4656217.387307 3287193.720530 0.000000 0.000000 0.000000 1.000000
0.869776 -2849879.025017 4656217.466175 3287193.799533 0.000000 0.000000 0.000000 1.000000
0.879770 -2849878.895152 4656217.546040 3287193.879534 0.000000 0.000000 0.000000 1.000000
0.889766 -2849878.764287 4656217.626905 3287193.960538 0.000000 0.000000 0.000000 1.000000
0.899805 -2849878.632422 4656217.708770 3287194.042542 0.000000 0.000000 0.000000 1.000000
0.909820 -2849878.499557 4656217.791635 3287194.125549 0.000000 0.000000 0.000000 1.000000
0.919755 -2849878.365692 4656217.875500 3287194.209556 0.000000 0.000000 0.000000 1.000000
0.929764 -2849878.230828 4656217.960365 3287194.294566 0.000000 0.000000 0.000000 1.000000
0.939822 -2849878.094963 4656218.046230 3287194.380576 0.000000 0.000000 0.000000 1.000000
0.949827 -2849877.958098 4656218.133094 3287194.467589 0.000000 0.000000 0.000000 1.000000
0.959762 -2849877.820233 4656218.220959 3287194.555603 0.000000 0.000000 0.000000 1.000000
0.969791 -2849877.681369 4656218.309824 3287194.644618 0.000000 0.000000 0.000000 1.000000
0.979984 -2849877.541504 4656218.399689 3287194.734635 0.000000 0.000000 0.000000 1.000000
0.990012 -2849877.400639 4656218.490553 3287194.825654 0.000000 0.000000 0.000000 1.000000
1.000080 -2849877.258775 4656218.582418 3287194.917674 0.000000 0.000000 0.000000 1.000000
1.009964 -2849877.115910 4656218.675282 3287195.010695 0.000000 0.000000 0.000000 1.000000
1.019968 -2849876.972046 4656218.769147 3287195.104719 0.000000 0.000000 0.000000 1.000000
1.029791 -2849876.827181 4656218.864012 3287195.199743 0.000000 0.000000 0.000000 1.000000
1.039821 -2849876.681317 4656218.959876 3287195.295770 0.000000 0.000000 0.000000 1.000000
1.049750 -2849876.534452 4656219.056741 3287195.392798 0.000000 0.000000 0.000000 1.000000
1.059780 -2849876.386588 4656219.154605 3287195.490827 0.000000 0.000000 0.000000 1.000000
1.069856 -2849876.237723 4656219.253470 3287195.589858 0.000000 0.000000 0.000000 1.000000
1.079821 -2849876.087859 4656219.353334 3287195.689891 0.000000 0.000000 0.000000 1.000000
1.089861 -2849875.936994 4656219.454199 3287195.790925 0.000000 0.000000 0.000000 1.000000
1.099789 -2849875.785130 4656219.556063 3287195.892961 0.000000 0.000000 0.000000 1.000000
1.109757 -2849875.632266 4656219.658928 3287195.995998 0.000000 0.000000 0.000000 1.000000
1.119827 -2849875.478398 4656219.762795 3287196.100039 0.000000 0.000000 0.000000 1.000000
1.129759 -2849875.323533 4656219.867659 3287196.205080 0.000000 0.000000 0.000000 1.000000
1.139829 -2849875.167669 4656219.973524 3287196.311122 0.000000 0.000000 0.000000 1.000000
1.149794 -2849875.010804 4656220.080388 3287196.418165 0.000000 0.000000 0.000000 1.000000
1.159799 -2849874.852940 4656220.188252 3287196.526210 0.000000 0.000000 0.000000 1.000000
1.169741 -2849874.694076 4656220.297117 3287196.635257 0.000000 0.000000 0.000000 1.000000
1.179766 -2849874.534211 4656220.406981 3287196.745306 0.000000 0.000000 0.000000 1.000000
1.189811 -2849874.373347 4656220.517846 3287196.856355 0.000000 0.000000 0.000000 1.000000
1.199768 -2849874.211482 4656220.629710 3287196.968407 0.000000 0.000000 0.000000 1.000000
1.209787 -2849874.048618 4656220.742575 3287197.081460 0.000000 0.000000 0.000000 1.000000
1.219790 -2849873.884754 4656220.856439 3287197.195515 0.000000 0.000000 0.000000 1.000000
1.229764 -2849873.719889 4656220.971303 3287197.310571 0.000000 0.000000 0.000000 1.000000
1.239827 -2849873.554025 4656221.087168 3287197.426628 0.000000 0.000000 0.000000 1.000000
1.250039 -2849873.387161 4656221.204032 3287197.543688 0.000000 0.000000 0.000000 1.000000
1.259758 -2849873.219296 4656221.321897 3287197.661749 0.000000 0.000000 0.000000 1.000000
1.269789 -2849873.050432 4656221.440761 3287197.780811 0.000000 0.000000 0.000000 1.000000
1.279893 -2849872.880567 4656221.560625 3287197.900875 0.000000 0.000000 0.000000 1.000000
1.289793 -2849872.709703 4656221.681490 3287198.021941 0.000000 0.000000 0.000000 1.000000
1.299813 -2849872.537839 4656221.803354 3287198.144008 0.000000 0.000000 0.000000 1.000000
1.309773 -2849872.364974 4656221.926219 3287198.267077 0.000000 0.000000 0.000000 1.000000
1.319776 -2849872.191110 4656222.050083 3287198.391147 0.000000 0.000000 0.000000 1.000000
1.329851 -2849872.016246 4656222.174947 3287198.516219 0.000000 0.000000 0.000000 1.000000
1.339767 -2849871.840381 4656222.300812 3287198.642293 0.000000 0.000000 0.000000 1.000000
1.349786 -2849871.663517 4656222.427676 3287198.769368 0.000000 0.000000 0.000000 1.000000
1.359766 -2849871.485653 4656222.555540 3287198.897444 0.000000 0.000000 0.000000 1.000000
1.369925 -2849871.306784 4656222.684408 3287199.026526 0.000000 0.000000 0.000000 1.000000
1.379802 -2849871.126920 4656222.814272 3287199.156606 0.000000 0.000000 0.000000 1.000000
1.389787 -2849870.946056 4656222.945137 3287199.287687 0.000000 0.000000 0.000000 1.000000
1.399761 -2849870.764191 4656223.077001 3287199.419770 0.000000 0.000000 0.000000 1.000000
1.409804 -2849870.581327 4656223.209865 3287199.552855 0.000000 0.000000 0.000000 1.000000
1.419809 -2849870.397462 4656223.343730 3287199.686941 0.000000 0.000000 0.000000 1.000000
1.429830 -2849870.212598 4656223.478594 3287199.822028 0.000000 0.000000 0.000000 1.000000
1.439770 -2849870.026734 4656223.614459 3287199.958118 0.000000 0.000000 0.000000 1.000000
1.449800 -2849869.839870 4656223.751323 3287200.095209 0.000000 0.000000 0.000000 1.000000
1.459766 -2849869.652005 4656223.889187 3287200.233301 0.000000 0.000000 0.000000 1.000000
1.469827 -2849869.463141 4656224.028052 3287200.372395 0.000000 0.000000 0.000000 1.000000
1.479784 -2849869.273277 4656224.167916 3287200.512491 0.000000 0.000000 0.000000 1.000000
1.489776 -2849869.082412 4656224.308781 3287200.653588 0.000000 0.000000 0.000000 1.000000
1.499819 -2849868.890548 4656224.450645 3287200.795687 0.000000 0.000000 0.000000 1.000000
1.509784 -2849868.697684 4656224.593509 3287200.938787 0.000000 0.000000 0.000000 1.000000
1.519843 -2849868.503819 4656224.737374 3287201.082889 0.000000 0.000000 0.000000 1.000000
1.529784 -2849868.308955 4656224.882238 3287201.227992 0.000000 0.000000 0.000000 1.000000
1.539761 -2849868.113091 4656225.028102 3287201.374097 0.000000 0.000000 0.000000 1.000000
1.549770 -2849867.916226 4656225.174967 3287201.521204 0.000000 0.000000 0.000000 1.000000
1.559857 -2849867.718362 4656225.322831 3287201.669312 0.000000 0.000000 0.000000 1.000000
1.569835 -2849867.519498 4656225.471695 3287201.818422 0.000000 0.000000 0.000000 1.000000
1.579794 -2849867.319633 4656225.621560 3287201.968533 0.000000 0.000000 0.000000 1.000000
1.589764 -2849867.118769 4656225.772424 3287202.119646 0.000000 0.000000 0.000000 1.000000
1.599779 -2849866.916905 4656225.924288 3287202.271761 0.000000 0.000000 0.000000 1.000000
1.609823 -2849866.714040 4656226.077153 3287202.424877 0.000000 0.000000 0.000000 1.000000
1.619792 -2849866.510171 4656226.231021 3287202.578998 0.000000 0.000000 0.000000 1.000000
1.629762 -2849866.305307 4656226.385885 3287202.734118 0.000000 0.000000 0.000000 1.000000
1.639785 -2849866.099443 4656226.541750 3287202.890238 0.000000 0.000000 0.000000 1.000000
1.649781 -2849865.892578 4656226.698614 3287203.047361 0.000000 0.000000 0.000000 1.000000
1.659824 -2849865.684714 4656226.856478 3287203.205485 0.000000 0.000000 0.000000 1.000000
1.669816 -2849865.475850 4656227.015343 3287203.364610 0.000000 0.000000 0.000000 1.000000
1.679789 -2849865.265985 4656227.175207 3287203.524738 0.000000 0.000000 0.000000 1.000000
1.689763 -2849865.055121 4656227.336071 3287203.685866 0.000000 0.000000 0.000000 1.000000
1.699769 -2849864.843257 4656227.497936 3287203.847997 0.000000 0.000000 0.000000 1.000000
1.709814 -2849864.630393 4656227.660800 3287204.011128 0.000000 0.000000 0.000000 1.000000
1.719804 -2849864.416528 4656227.824664 3287204.175262 0.000000 0.000000 0.000000 1.000000
1.729832 -2849864.201664 4656227.989529 3287204.340397 0.000000 0.000000 0.000000 1.000000
1.739777 -2849863.985800 4656228.155393 3287204.506534 0.000000 0.000000 0.000000 1.000000
1.749810 -2849863.768935 4656228.322257 3287204.673672 0.000000 0.000000 0.000000 1.000000
1.759828 -2849863.551071 4656228.490122 3287204.841811 0.000000 0.000000 0.000000 1.000000
1.769765 -2849863.332207 4656228.658986 3287205.010953 0.000000 0.000000 0.000000 1.000000
1.779762 -2849863.112342 4656228.828850 3287205.181096 0.000000 0.000000 0.000000 1.000000
1.789762 -2849862.891478 4656228.999715 3287205.352240 0.000000 0.000000 0.000000 1.000000
1.799817 -2849862.669614 4656229.171579 3287205.524386 0.000000 0.000000 0.000000 1.000000
1.809793 -2849862.446750 4656229.344443 3287205.697534 0.000000 0.000000 0.000000 1.000000
1.819768 -2849862.222885 4656229.518308 3287205.871683 0.000000 0.000000 0.000000 1.000000
1.829811 -2849861.998021 4656229.693172 3287206.046834 0.000000 0.000000 0.000000 1.000000
1.839839 -2849861.772157 4656229.869036 3287206.222986 0.000000 0.000000 0.000000 1.000000
1.849755 -2849861.545292 4656230.045901 3287206.400140 0.000000 0.000000 0.000000 1.000000
1.859768 -2849861.317428 4656230.223765 3287206.578296 0.000000 0.000000 0.000000 1.000000
1.869777 -2849861.088558 4656230.402634 3287206.757457 0.000000 0.000000 0.000000 1.000000
1.879815 -2849860.858694 4656230.582498 3287206.937616 0.000000 0.000000 0.000000 1.000000
1.889857 -2849860.627830 4656230.763362 3287207.118776 0.000000 0.000000 0.000000 1.000000
1.899795 -2849860.395966 4656230.945227 3287207.300938 0.000000 0.000000 0.000000 1.000000
1.909843 -2849860.163101 4656231.128091 3287207.484101 0.000000 0.000000 0.000000 1.000000
1.919768 -2849859.929237 4656231.311955 3287207.668266 0.000000 0.000000 0.000000 1.000000
1.929818 -2849859.694373 4656231.496820 3287207.853433 0.000000 0.000000 0.000000 1.000000
1.939852 -2849859.458508 4656231.682684 3287208.039601 0.000000 0.000000 0.000000 1.000000
1.949750 -2849859.221644 4656231.869548 3287208.226771 0.000000 0.000000 0.000000 1.000000
1.959769 -2849858.983780 4656232.057413 3287208.414942 0.000000 0.000000 0.000000 1.000000
1.969953 -2849858.744916 4656232.246277 3287208.604115 0.000000 0.000000 0.000000 1.000000
1.980110 -2849858.505051 4656232.436141 3287208.794290 0.000000 0.000000 0.000000 1.000000
1.989996 -2849858.264187 4656232.627006 3287208.985466 0.000000 0.000000 0.000000 1.000000
1.999935 -2849858.022323 4656232.818870 3287209.177643 0.000000 0.000000 0.000000 1.000000
2.009858 -2849857.779459 4656233.011734 3287209.370823 0.000000 0.000000 0.000000 1.000000
2.019866 -2849857.535594 4656233.205599 3287209.565003 0.000000 0.000000 0.000000 1.000000
2.029821 -2849857.290730 4656233.400463 3287209.760186 0.000000 0.000000 0.000000 1.000000
2.039817 -2849857.044866 4656233.596327 3287209.956370 0.000000 0.000000 0.000000 1.000000
2.049846 -2849856.798001 4656233.793192 3287210.153555 0.000000 0.000000 0.000000 1.000000
2.059777 -2849856.550137 4656233.991056 3287210.351742 0.000000 0.000000 0.000000 1.000000
2.069824 -2849856.301273 4656234.189920 3287210.550931 0.000000 0.000000 0.000000 1.000000
2.079828 -2849856.051409 4656234.389784 3287210.751121 0.000000 0.000000 0.000000 1.000000
2.089811 -2849855.800544 4656234.590649 3287210.952313 0.000000 0.000000 0.000000 1.000000
2.099807 -2849855.548680 4656234.792513 3287211.154506 0.000000 0.000000 0.000000 1.000000
2.109802 -2849855.295816 4656234.995377 3287211.357701 0.000000 0.000000 0.000000 1.000000
2.119798 -2849855.041946 4656235.199247 3287211.561903 0.000000 0.000000 0.000000 1.000000
2.129840 -2849854.787081 4656235.404111 3287211.767101 0.000000 0.000000 0.000000 1.000000
2.139897 -2849854.531217 4656235.609975 3287211.973300 0.000000 0.000000 0.000000 1.000000
2.149806 -2849854.274353 4656235.816839 3287212.180502 0.000000 0.000000 0.000000 1.000000
2.159756 -2849854.016489 4656236.024704 3287212.388705 0.000000 0.000000 0.000000 1.000000
2.169794 -2849853.757624 4656236.233568 3287212.597909 0.000000 0.000000 0.000000 1.000000
2.179885 -2849853.497760 4656236.443432 3287212.808115 0.000000 0.000000 0.000000 1.000000
2.189788 -2849853.236896 4656236.654297 3287213.019323 0.000000 0.000000 0.000000 1.000000
2.199791 -2849852.975032 4656236.866161 3287213.231532 0.000000 0.000000 0.000000 1.000000
2.209797 -2849852.712167 4656237.079025 3287213.444743 0.000000 0.000000 0.000000 1.000000
2.219831 -2849852.448303 4656237.292890 3287213.658955 0.000000 0.000000 0.000000 1.000000
2.229883 -2849852.183439 4656237.507754 3287213.874169 0.000000 0.000000 0.000000 1.000000
2.239807 -2849851.917575 4656237.723618 3287214.090384 0.000000 0.000000 0.000000 1.000000
2.249760 -2849851.650710 4656237.940482 3287214.307601 0.000000 0.000000 0.000000 1.000000
2.259868 -2849851.382846 4656238.158347 3287214.525820 0.000000 0.000000 0.000000 1.000000
2.269814 -2849851.113982 4656238.377211 3287214.745040 0.000000 0.000000 0.000000 1.000000
2.279758 -2849850.844118 4656238.597075 3287214.965262 0.000000 0.000000 0.000000 1.000000
2.289766 -2849850.573253 4656238.817940 3287215.186485 0.000000 0.000000 0.000000 1.000000
2.299776 -2849850.301389 4656239.039804 3287215.408710 0.000000 0.000000 0.000000 1.000000
2.309784 -2849850.028525 4656239.262668 3287215.631937 0.000000 0.000000 0.000000 1.000000
2.319895 -2849849.754661 4656239.486532 3287215.856165 0.000000 0.000000 0.000000 1.000000
2.329889 -2849849.479796 4656239.711397 3287216.081395 0.000000 0.000000 0.000000 1.000000
2.339806 -2849849.203932 4656239.937261 3287216.307626 0.000000 0.000000 0.000000 1.000000
2.349841 -2849848.927068 4656240.164125 3287216.534859 0.000000 0.000000 0.000000 1.000000
2.359857 -2849848.649204 4656240.391990 3287216.763093 0.000000 0.000000 0.000000 1.000000
2.370119 -2849848.370333 4656240.620859 3287216.992335 0.000000 0.000000 0.000000 1.000000
2.379905 -2849848.090469 4656240.850724 3287217.222572 0.000000 0.000000 0.000000 1.000000
2.389974 -2849847.809604 4656241.081588 3287217.453811 0.000000 0.000000 0.000000 1.000000
2.399955 -2849847.527740 4656241.313452 3287217.686052 0.000000 0.000000 0.000000 1.000000
2.409954 -2849847.244876 4656241.546317 3287217.919294 0.000000 0.000000 0.000000 1.000000
2.419896 -2849846.961012 4656241.780181 3287218.153538 0.000000 0.000000 0.000000 1.000000
2.429783 -2849846.676147 4656242.015045 3287218.388784 0.000000 0.000000 0.000000 1.000000
2.439789 -2849846.390283 4656242.250909 3287218.625031 0.000000 0.000000 0.000000 1.000000
2.449797 -2849846.103419 4656242.487774 3287218.862279 0.000000 0.000000 0.000000 1.000000
2.459904 -2849845.815555 4656242.725638 3287219.100529 0.000000 0.000000 0.000000 1.000000
2.469783 -2849845.526690 4656242.964502 3287219.339781 0.000000 0.000000 0.000000 1.000000
2.479880 -2849845.236826 4656243.204366 3287219.580035 0.000000 0.000000 0.000000 1.000000
2.489869 -2849844.945962 4656243.445231 3287219.821289 0.000000 0.000000 0.000000 1.000000
2.499902 -2849844.654098 4656243.687095 3287220.063546 0.000000 0.000000 0.000000 1.000000
2.509903 -2849844.361234 4656243.929959 3287220.306804 0.000000 0.000000 0.000000 1.000000
2.520044 -2849844.067369 4656244.173824 3287220.551064 0.000000 0.000000 0.000000 1.000000
2.529905 -2849843.772505 4656244.418688 3287220.796325 0.000000 0.000000 0.000000 1.000000
2.539915 -2849843.476641 4656244.664552 3287221.042588 0.000000 0.000000 0.000000 1.000000
2.549989 -2849843.179777 4656244.911416 3287221.289852 0.000000 0.000000 0.000000 1.000000
2.560050 -2849842.881912 4656245.159281 3287221.538118 0.000000 0.000000 0.000000 1.000000
2.569922 -2849842.583048 4656245.408145 3287221.787386 0.000000 0.000000 0.000000 1.000000
2.579949 -2849842.283184 4656245.658009 3287222.037655 0.000000 0.000000 0.000000 1.000000
2.589946 -2849841.982320 4656245.908873 3287222.288925 0.000000 0.000000 0.000000 1.000000
2.600069 -2849841.680456 4656246.160738 3287222.541198 0.000000 0.000000 0.000000 1.000000
2.610019 -2849841.377591 4656246.413602 3287222.794471 0.000000 0.000000 0.000000 1.000000
2.619960 -2849841.073720 4656246.667472 3287223.048753 0.000000 0.000000 0.000000 1.000000
2.629797 -2849840.768856 4656246.922336 3287223.304030 0.000000 0.000000 0.000000 1.000000
2.639788 -2849840.462992 4656247.178201 3287223.560308 0.000000 0.000000 0.000000 1.000000
2.649888 -2849840.156127 4656247.435065 3287223.817589 0.000000 0.000000 0.000000 1.000000
2.659736 -2849839.848263 4656247.692929 3287224.075870 0.000000 0.000000 0.000000 1.000000
2.669733 -2849839.539399 4656247.951794 3287224.335154 0.000000 0.000000 0.000000 1.000000
2.679884 -2849839.229535 4656248.211658 3287224.595439 0.000000 0.000000 0.000000 1.000000
2.689815 -2849838.918670 4656248.472522 3287224.856725 0.000000 0.000000 0.000000 1.000000
2.700033 -2849838.606806 4656248.734386 3287225.119013 0.000000 0.000000 0.000000 1.000000
2.709973 -2849838.293942 4656248.997251 3287225.382303 0.000000 0.000000 0.000000 1.000000
2.719911 -2849837.980078 4656249.261115 3287225.646594 0.000000 0.000000 0.000000 1.000000
2.729907 -2849837.665214 4656249.525979 3287225.911887 0.000000 0.000000 0.000000 1.000000
2.739988 -2849837.349349 4656249.791843 3287226.178181 0.000000 0.000000 0.000000 1.000000
2.749903 -2849837.032485 4656250.058708 3287226.445477 0.000000 0.000000 0.000000 1.000000
2.760051 -2849836.714621 4656250.326572 3287226.713774 0.000000 0.000000 0.000000 1.000000
2.769962 -2849836.395757 4656250.595436 3287226.983074 0.000000 0.000000 0.000000 1.000000
2.779789 -2849836.075893 4656250.865300 3287227.253374 0.000000 0.000000 0.000000 1.000000
2.789774 -2849835.755028 4656251.136165 3287227.524676 0.000000 0.000000 0.000000 1.000000
2.799945 -2849835.433164 4656251.408029 3287227.796980 0.000000 0.000000 0.000000 1.000000
2.809797 -2849835.110300 4656251.680893 3287228.070286 0.000000 0.000000 0.000000 1.000000
2.819818 -2849834.786436 4656251.954757 3287228.344593 0.000000 0.000000 0.000000 1.000000
2.829843 -2849834.461572 4656252.229621 3287228.619901 0.000000 0.000000 0.000000 1.000000
2.839851 -2849834.135707 4656252.505486 3287228.896211 0.000000 0.000000 0.000000 1.000000
2.850064 -2849833.808843 4656252.782350 3287229.173523 0.000000 0.000000 0.000000 1.000000
2.859893 -2849833.480979 4656253.060214 3287229.451836 0.000000 0.000000 0.000000 1.000000
2.870004 -2849833.152107 4656253.339085 3287229.731158 0.000000 0.000000 0.000000 1.000000
2.879984 -2849832.822243 4656253.618949 3287230.011474 0.000000 0.000000 0.000000 1.000000
2.889849 -2849832.491379 4656253.899814 3287230.292792 0.000000 0.000000 0.000000 1.000000
2.899827 -2849832.159515 4656254.181678 3287230.575112 0.000000 0.000000 0.000000 1.000000
2.909813 -2849831.826650 4656254.464542 3287230.858433 0.000000 0.000000 0.000000 1.000000
2.919797 -2849831.492786 4656254.748406 3287231.142756 0.000000 0.000000 0.000000 1.000000
2.929787 -2849831.157922 4656255.033270 3287231.428080 0.000000 0.000000 0.000000 1.000000
2.939805 -2849830.822058 4656255.319135 3287231.714406 0.000000 0.000000 0.000000 1.000000
2.949885 -2849830.485194 4656255.605999 3287232.001733 0.000000 0.000000 0.000000 1.000000
2.959813 -2849830.147329 4656255.893863 3287232.290062 0.000000 0.000000 0.000000 1.000000
2.969806 -2849829.808465 4656256.182727 3287232.579393 0.000000 0.000000 0.000000 1.000000
2.979784 -2849829.468601 4656256.472592 3287232.869725 0.000000 0.000000 0.000000 1.000000
2.989902 -2849829.127737 4656256.763456 3287233.161059 0.000000 0.000000 0.000000 1.000000
2.999770 -2849828.785873 4656257.055320 3287233.453394 0.000000 0.000000 0.000000 1.000000
3.009784 -2849828.443008 4656257.348184 3287233.746731 0.000000 0.000000 0.000000 1.000000
3.019768 -2849828.099144 4656257.642049 3287234.041070 0.000000 0.000000 0.000000 1.000000
3.029768 -2849827.754280 4656257.936913 3287234.336410 0.000000 0.000000 0.000000 1.000000
3.039844 -2849827.408416 4656258.232777 3287234.632752 0.000000 0.000000 0.000000 1.000000
3.049858 -2849827.061552 4656258.529641 3287234.930095 0.000000 0.000000 0.000000 1.000000
3.059846 -2849826.713688 4656258.827505 3287235.228440 0.000000 0.000000 0.000000 1.000000
3.069799 -2849826.364823 4656259.126370 3287235.527786 0.000000 0.000000 0.000000 1.000000
3.079893 -2849826.014959 4656259.426234 3287235.828134 0.000000 0.000000 0.000000 1.000000
3.089851 -2849825.664095 4656259.727098 3287236.129484 0.000000 0.000000 0.000000 1.000000
3.099875 -2849825.312231 4656260.028962 3287236.431835 0.000000 0.000000 0.000000 1.000000
3.109799 -2849824.959367 4656260.331826 3287236.735187 0.000000 0.000000 0.000000 1.000000
3.119831 -2849824.605494 4656260.635698 3287237.039549 0.000000 0.000000 0.000000 1.000000
3.129795 -2849824.250630 4656260.940562 3287237.344905 0.000000 0.000000 0.000000 1.000000
3.139777 -2849823.894766 4656261.246426 3287237.651262 0.000000 0.000000 0.000000 1.000000
3.149768 -2849823.537902 4656261.553291 3287237.958621 0.000000 0.000000 0.000000 1.000000
3.159784 -2849823.180038 4656261.861155 3287238.266982 0.000000 0.000000 0.000000 1.000000
3.169768 -2849822.821173 4656262.170019 3287238.576344 0.000000 0.000000 0.000000 1.000000
3.179798 -2849822.461309 4656262.479883 3287238.886708 0.000000 0.000000 0.000000 1.000000
3.189783 -2849822.100445 4656262.790747 3287239.198073 0.000000 0.000000 0.000000 1.000000
3.199752 -2849821.738581 4656263.102612 3287239.510440 0.000000 0.000000 0.000000 1.000000
3.209797 -2849821.375717 4656263.415476 3287239.823809 0.000000 0.000000 0.000000 1.000000
3.219805 -2849821.011853 4656263.729340 3287240.138179 0.000000 0.000000 0.000000 1.000000
3.229745 -2849820.646988 4656264.044204 3287240.453550 0.000000 0.000000 0.000000 1.000000
3.239771 -2849820.281124 4656264.360068 3287240.769924 0.000000 0.000000 0.000000 1.000000
3.249751 -2849819.914260 4656264.676933 3287241.087298 0.000000 0.000000 0.000000 1.000000
3.259775 -2849819.546396 4656264.994797 3287241.405675 0.000000 0.000000 0.000000 1.000000
3.269841 -2849819.177532 4656265.313661 3287241.725053 0.000000 0.000000 0.000000 1.000000
3.279836 -2849818.807668 4656265.633525 3287242.045432 0.000000 0.000000 0.000000 1.000000
3.289757 -2849818.436804 4656265.954389 3287242.366813 0.000000 0.000000 0.000000 1.000000
3.299784 -2849818.064939 4656266.276254 3287242.689196 0.000000 0.000000 0.000000 1.000000
3.309825 -2849817.692075 4656266.599118 3287243.012580 0.000000 0.000000 0.000000 1.000000
3.319759 -2849817.318211 4656266.922982 3287243.336966 0.000000 0.000000 0.000000 1.000000
3.329805 -2849816.943347 4656267.247846 3287243.662354 0.000000 0.000000 0.000000 1.000000
3.339801 -2849816.567483 4656267.573710 3287243.988743 0.000000 0.000000 0.000000 1.000000
3.349772 -2849816.190619 4656267.900575 3287244.316133 0.000000 0.000000 0.000000 1.000000
3.359763 -2849815.812755 4656268.228439 3287244.644525 0.000000 0.000000 0.000000 1.000000
3.369804 -2849815.433881 4656268.557311 3287244.973927 0.000000 0.000000 0.000000 1.000000
3.379772 -2849815.054017 4656268.887175 3287245.304322 0.000000 0.000000 0.000000 1.000000
3.389753 -2849814.673153 4656269.218039 3287245.635719 0.000000 0.000000 0.000000 1.000000
3.399767 -2849814.291289 4656269.549903 3287245.968117 0.000000 0.000000 0.000000 1.000000
3.409801 -2849813.908425 4656269.882768 3287246.301518 0.000000 0.000000 0.000000 1.000000
3.419978 -2849813.524561 4656270.216632 3287246.635919 0.000000 0.000000 0.000000 1.000000
3.430150 -2849813.139697 4656270.551496 3287246.971322 0.000000 0.000000 0.000000 1.000000
3.439756 -2849812.753832 4656270.887360 3287247.307727 0.000000 0.000000 0.000000 1.000000
3.449767 -2849812.366968 4656271.224224 3287247.645133 0.000000 0.000000 0.000000 1.000000
3.459848 -2849811.979104 4656271.562088 3287247.983541 0.000000 0.000000 0.000000 1.000000
3.469798 -2849811.590240 4656271.900953 3287248.322951 0.000000 0.000000 0.000000 1.000000
3.479821 -2849811.200376 4656272.240817 3287248.663362 0.000000 0.000000 0.000000 1.000000
3.489843 -2849810.809512 4656272.581681 3287249.004775 0.000000 0.000000 0.000000 1.000000
3.499857 -2849810.417648 4656272.923545 3287249.347189 0.000000 0.000000 0.000000 1.000000
3.509776 -2849810.024783 4656273.266409 3287249.690605 0.000000 0.000000 0.000000 1.000000
3.519809 -2849809.630919 4656273.610273 3287250.035022 0.000000 0.000000 0.000000 1.000000
3.529859 -2849809.236055 4656273.955138 3287250.380441 0.000000 0.000000 0.000000 1.000000
3.539800 -2849808.840191 4656274.301002 3287250.726862 0.000000 0.000000 0.000000 1.000000
3.549931 -2849808.443327 4656274.647866 3287251.074284 0.000000 0.000000 0.000000 1.000000
3.559805 -2849808.045463 4656274.995730 3287251.422707 0.000000 0.000000 0.000000 1.000000
3.569796 -2849807.646599 4656275.344594 3287251.772133 0.000000 0.000000 0.000000 1.000000
3.579776 -2849807.246735 4656275.694458 3287252.122559 0.000000 0.000000 0.000000 1.000000
3.589826 -2849806.845871 4656276.045323 3287252.473988 0.000000 0.000000 0.000000 1.000000
3.599803 -2849806.444006 4656276.397187 3287252.826418 0.000000 0.000000 0.000000 1.000000
3.609798 -2849806.041142 4656276.750051 3287253.179849 0.000000 0.000000 0.000000 1.000000
3.619805 -2849805.637269 4656277.103924 3287253.534291 0.000000 0.000000 0.000000 1.000000
3.629782 -2849805.232404 4656277.458788 3287253.889726 0.000000 0.000000 0.000000 1.000000
3.639802 -2849804.826540 4656277.814652 3287254.246162 0.000000 0.000000 0.000000 1.000000
3.649855 -2849804.419676 4656278.171516 3287254.603600 0.000000 0.000000 0.000000 1.000000
3.659795 -2849804.011812 4656278.529380 3287254.962039 0.000000 0.000000 0.000000 1.000000
3.669785 -2849803.602948 4656278.888244 3287255.321481 0.000000 0.000000 0.000000 1.000000
3.679779 -2849803.193084 4656279.248109 3287255.681923 0.000000 0.000000 0.000000 1.000000
3.689763 -2849802.782220 4656279.608973 3287256.043367 0.000000 0.000000 0.000000 1.000000
3.699818 -2849802.370356 4656279.970837 3287256.405813 0.000000 0.000000 0.000000 1.000000
3.709780 -2849801.957491 4656280.333701 3287256.769261 0.000000 0.000000 0.000000 1.000000
3.719777 -2849801.543627 4656280.697565 3287257.133709 0.000000 0.000000 0.000000 1.000000
3.729770 -2849801.128763 4656281.062429 3287257.499160 0.000000 0.000000 0.000000 1.000000
3.739843 -2849800.712899 4656281.428294 3287257.865612 0.000000 0.000000 0.000000 1.000000
3.749870 -2849800.296035 4656281.795158 3287258.233066 0.000000 0.000000 0.000000 1.000000
3.759833 -2849799.878171 4656282.163022 3287258.601521 0.000000 0.000000 0.000000 1.000000
3.769764 -2849799.459307 4656282.531886 3287258.970978 0.000000 0.000000 0.000000 1.000000
3.779769 -2849799.039443 4656282.901750 3287259.341436 0.000000 0.000000 0.000000 1.000000
3.789765 -2849798.618579 4656283.272614 3287259.712896 0.000000 0.000000 0.000000 1.000000
3.799807 -2849798.196715 4656283.644478 3287260.085358 0.000000 0.000000 0.000000 1.000000
3.809797 -2849797.773850 4656284.017343 3287260.458821 0.000000 0.000000 0.000000 1.000000
3.819766 -2849797.349986 4656284.391207 3287260.833286 0.000000 0.000000 0.000000 1.000000
3.829791 -2849796.925122 4656284.766071 3287261.208752 0.000000 0.000000 0.000000 1.000000
3.839766 -2849796.499258 4656285.141935 3287261.585220 0.000000 0.000000 0.000000 1.000000
3.849824 -2849796.072394 4656285.518799 3287261.962689 0.000000 0.000000 0.000000 1.000000
3.859793 -2849795.644530 4656285.896663 3287262.341160 0.000000 0.000000 0.000000 1.000000
3.869795 -2849795.215656 4656286.275536 3287262.720642 0.000000 0.000000 0.000000 1.000000
3.879806 -2849794.785792 4656286.655401 3287263.101116 0.000000 0.000000 0.000000 1.000000
3.889767 -2849794.354928 4656287.036265 3287263.482592 0.000000 0.000000 0.000000 1.000000
3.899840 -2849793.923063 4656287.418129 3287263.865069 0.000000 0.000000 0.000000 1.000000
3.909798 -2849793.490199 4656287.800993 3287264.248548 0.000000 0.000000 0.000000 1.000000
3.919767 -2849793.056335 4656288.184857 3287264.633028 0.000000 0.000000 0.000000 1.000000
3.929805 -2849792.621471 4656288.569721 3287265.018510 0.000000 0.000000 0.000000 1.000000
3.939801 -2849792.185607 4656288.955585 3287265.404994 0.000000 0.000000 0.000000 1.000000
3.949847 -2849791.748743 4656289.342450 3287265.792479 0.000000 0.000000 0.000000 1.000000
3.959787 -2849791.310879 4656289.730314 3287266.180966 0.000000 0.000000 0.000000 1.000000
3.969792 -2849790.872015 4656290.119178 3287266.570455 0.000000 0.000000 0.000000 1.000000
3.979762 -2849790.432151 4656290.509042 3287266.960944 0.000000 0.000000 0.000000 1.000000
3.989899 -2849789.991287 4656290.899906 3287267.352436 0.000000 0.000000 0.000000 1.000000
3.999761 -2849789.549423 4656291.291770 3287267.744929 0.000000 0.000000 0.000000 1.000000
4.009791 -2849789.106558 4656291.684634 3287268.138424 0.000000 0.000000 0.000000 1.000000
4.019829 -2849788.662694 4656292.078498 3287268.532920 0.000000 0.000000 0.000000 1.000000
4.029791 -2849788.217830 4656292.473363 3287268.928418 0.000000 0.000000 0.000000 1.000000
4.039843 -2849787.771966 4656292.869227 3287269.324917 0.000000 0.000000 0.000000 1.000000
4.049785 -2849787.325102 4656293.266091 3287269.722418 0.000000 0.000000 0.000000 1.000000
4.059795 -2849786.877238 4656293.663955 3287270.120921 0.000000 0.000000 0.000000 1.000000
4.069794 -2849786.428374 4656294.062819 3287270.520425 0.000000 0.000000 0.000000 1.000000
4.079841 -2849785.978510 4656294.462683 3287270.920931 0.000000 0.000000 0.000000 1.000000
4.089769 -2849785.527646 4656294.863547 3287271.322438 0.000000 0.000000 0.000000 1.000000
4.099757 -2849785.075782 4656295.265411 3287271.724947 0.000000 0.000000 0.000000 1.000000
4.109759 -2849784.622918 4656295.668276 3287272.128457 0.000000 0.000000 0.000000 1.000000
4.119875 -2849784.169043 4656296.072149 3287272.532979 0.000000 0.000000 0.000000 1.000000
4.129808 -2849783.714179 4656296.477013 3287272.938493 0.000000 0.000000 0.000000 1.000000
4.139790 -2849783.258315 4656296.882877 3287273.345008 0.000000 0.000000 0.000000 1.000000
4.149771 -2849782.801451 4656297.289742 3287273.752525 0.000000 0.000000 0.000000 1.000000
4.159767 -2849782.343587 4656297.697606 3287274.161043 0.000000 0.000000 0.000000 1.000000
4.169789 -2849781.884723 4656298.106470 3287274.570563 0.000000 0.000000 0.000000 1.000000
4.179824 -2849781.424858 4656298.516334 3287274.981084 0.000000 0.000000 0.000000 1.000000
4.189776 -2849780.963994 4656298.927198 3287275.392607 0.000000 0.000000 0.000000 1.000000
4.199768 -2849780.502130 4656299.339062 3287275.805132 0.000000 0.000000 0.000000 1.000000
4.209789 -2849780.039266 4656299.751926 3287276.218658 0.000000 0.000000 0.000000 1.000000
4.219815 -2849779.575402 4656300.165790 3287276.633186 0.000000 0.000000 0.000000 1.000000
4.229779 -2849779.110538 4656300.580655 3287277.048715 0.000000 0.000000 0.000000 1.000000
4.239834 -2849778.644674 4656300.996519 3287277.465246 0.000000 0.000000 0.000000 1.000000
4.249797 -2849778.177810 4656301.413383 3287277.882779 0.000000 0.000000 0.000000 1.000000
4.259778 -2849777.709946 4656301.831247 3287278.301313 0.000000 0.000000 0.000000 1.000000
4.269823 -2849777.241082 4656302.250111 3287278.720849 0.000000 0.000000 0.000000 1.000000
4.279882 -2849776.771218 4656302.669975 3287279.141386 0.000000 0.000000 0.000000 1.000000
4.289806 -2849776.300354 4656303.090839 3287279.562925 0.000000 0.000000 0.000000 1.000000
4.299898 -2849775.828490 4656303.512703 3287279.985465 0.000000 0.000000 0.000000 1.000000
4.309859 -2849775.355626 4656303.935567 3287280.409007 0.000000 0.000000 0.000000 1.000000
4.320134 -2849774.881762 4656304.359431 3287280.833551 0.000000 0.000000 0.000000 1.000000
4.329911 -2849774.406898 4656304.784296 3287281.259096 0.000000 0.000000 0.000000 1.000000
4.339977 -2849773.931034 4656305.210160 3287281.685643 0.000000 0.000000 0.000000 1.000000
4.349926 -2849773.454170 4656305.637024 3287282.113191 0.000000 0.000000 0.000000 1.000000
4.360071 -2849772.976306 4656306.064888 3287282.541741 0.000000 0.000000 0.000000 1.000000
4.369953 -2849772.497430 4656306.493762 3287282.971303 0.000000 0.000000 0.000000 1.000000
4.380037 -2849772.017566 4656306.923626 3287283.401856 0.000000 0.000000 0.000000 1.000000
4.389996 -2849771.536702 4656307.354490 3287283.833410 0.000000 0.000000 0.000000 1.000000
4.399928 -2849771.054838 4656307.786354 3287284.265966 0.000000 0.000000 0.000000 1.000000
4.409915 -2849770.571974 4656308.219218 3287284.699524 0.000000 0.000000 0.000000 1.000000
4.420077 -2849770.088110 4656308.653083 3287285.134084 0.000000 0.000000 0.000000 1.000000
4.429905 -2849769.603246 4656309.087947 3287285.569645 0.000000 0.000000 0.000000 1.000000
4.439942 -2849769.117382 4656309.523811 3287286.006207 0.000000 0.000000 0.000000 1.000000
4.449928 -2849768.630518 4656309.960675 3287286.443771 0.000000 0.000000 0.000000 1.000000
4.459909 -2849768.142654 4656310.398539 3287286.882337 0.000000 0.000000 0.000000 1.000000
4.469981 -2849767.653790 4656310.837403 3287287.321904 0.000000 0.000000 0.000000 1.000000
4.479880 -2849767.163926 4656311.277267 3287287.762473 0.000000 0.000000 0.000000 1.000000
4.489913 -2849766.673062 4656311.718131 3287288.204043 0.000000 0.000000 0.000000 1.000000
4.499929 -2849766.181197 4656312.159995 3287288.646615 0.000000 0.000000 0.000000 1.000000
4.510064 -2849765.688333 4656312.602859 3287289.090189 0.000000 0.000000 0.000000 1.000000
4.519886 -2849765.194469 4656313.046723 3287289.534764 0.000000 0.000000 0.000000 1.000000
4.529881 -2849764.699605 4656313.491588 3287289.980341 0.000000 0.000000 0.000000 1.000000
4.539938 -2849764.203741 4656313.937452 3287290.426919 0.000000 0.000000 0.000000 1.000000
4.549907 -2849763.706877 4656314.384316 3287290.874499 0.000000 0.000000 0.000000 1.000000
4.560060 -2849763.209013 4656314.832180 3287291.323080 0.000000 0.000000 0.000000 1.000000
4.569885 -2849762.710149 4656315.281044 3287291.772663 0.000000 0.000000 0.000000 1.000000
4.579932 -2849762.210285 4656315.730908 3287292.223248 0.000000 0.000000 0.000000 1.000000
4.589876 -2849761.709421 4656316.181772 3287292.674834 0.000000 0.000000 0.000000 1.000000
4.599991 -2849761.207557 4656316.633636 3287293.127422 0.000000 0.000000 0.000000 1.000000
4.609924 -2849760.704693 4656317.086500 3287293.581011 0.000000 0.000000 0.000000 1.000000
4.619933 -2849760.200817 4656317.540375 3287294.035613 0.000000 0.000000 0.000000 1.000000
4.629965 -2849759.695953 4656317.995239 3287294.491205 0.000000 0.000000 0.000000 1.000000
4.639960 -2849759.190089 4656318.451103 3287294.947799 0.000000 0.000000 0.000000 1.000000
4.649901 -2849758.683225 4656318.907967 3287295.405395 0.000000 0.000000 0.000000 1.000000
4.660136 -2849758.175361 4656319.365831 3287295.863992 0.000000 0.000000 0.000000 1.000000
4.669942 -2849757.666497 4656319.824695 3287296.323591 0.000000 0.000000 0.000000 1.000000
4.679858 -2849757.156633 4656320.284559 3287296.784191 0.000000 0.000000 0.000000 1.000000
4.689965 -2849756.645769 4656320.745423 3287297.245793 0.000000 0.000000 0.000000 1.000000
4.700098 -2849756.133905 4656321.207288 3287297.708397 0.000000 0.000000 0.000000 1.000000
4.709923 -2849755.621041 4656321.670152 3287298.172002 0.000000 0.000000 0.000000 1.000000
4.719897 -2849755.107177 4656322.134016 3287298.636609 0.000000 0.000000 0.000000 1.000000
4.729966 -2849754.592313 4656322.598880 3287299.102217 0.000000 0.000000 0.000000 1.000000
4.739892 -2849754.076449 4656323.064744 3287299.568827 0.000000 0.000000 0.000000 1.000000
4.750049 -2849753.559585 4656323.531608 3287300.036438 0.000000 0.000000 0.000000 1.000000
4.759916 -2849753.041721 4656323.999472 3287300.505051 0.000000 0.000000 0.000000 1.000000
4.769949 -2849752.522857 4656324.468336 3287300.974666 0.000000 0.000000 0.000000 1.000000
4.779885 -2849752.002993 4656324.938200 3287301.445282 0.000000 0.000000 0.000000 1.000000
4.789899 -2849751.482129 4656325.409064 3287301.916899 0.000000 0.000000 0.000000 1.000000
4.799805 -2849750.960265 4656325.880928 3287302.389519 0.000000 0.000000 0.000000 1.000000
4.809868 -2849750.437401 4656326.353792 3287302.863140 0.000000 0.000000 0.000000 1.000000
4.819769 -2849749.913537 4656326.827656 3287303.337762 0.000000 0.000000 0.000000 1.000000
4.829782 -2849749.388673 4656327.302520 3287303.813386 0.000000 0.000000 0.000000 1.000000
4.839952 -2849748.862809 4656327.778384 3287304.290012 0.000000 0.000000 0.000000 1.000000
4.849764 -2849748.335945 4656328.255248 3287304.767639 0.000000 0.000000 0.000000 1.000000
4.859802 -2849747.808081 4656328.733112 3287305.246268 0.000000 0.000000 0.000000 1.000000
4.869794 -2849747.279204 4656329.211988 3287305.725909 0.000000 0.000000 0.000000 1.000000
4.879933 -2849746.749340 4656329.691852 3287306.206541 0.000000 0.000000 0.000000 1.000000
4.889898 -2849746.218476 4656330.172716 3287306.688175 0.000000 0.000000 0.000000 1.000000
4.899816 -2849745.686612 4656330.654580 3287307.170810 0.000000 0.000000 0.000000 1.000000
4.909883 -2849745.153748 4656331.137444 3287307.654446 0.000000 0.000000 0.000000 1.000000
4.919770 -2849744.619884 4656331.621308 3287308.139085 0.000000 0.000000 0.000000 1.000000
4.929812 -2849744.085020 4656332.106172 3287308.624725 0.000000 0.000000 0.000000 1.000000
4.939880 -2849743.549156 4656332.592036 3287309.111366 0.000000 0.000000 0.000000 1.000000
4.949801 -2849743.012292 4656333.078900 3287309.599009 0.000000 0.000000 0.000000 1.000000
4.959793 -2849742.474428 4656333.566764 3287310.087653 0.000000 0.000000 0.000000 1.000000
4.969845 -2849741.935564 4656334.055628 3287310.577299 0.000000 0.000000 0.000000 1.000000
4.979881 -2849741.395700 4656334.545492 3287311.067947 0.000000 0.000000 0.000000 1.000000
4.989845 -2849740.854836 4656335.036356 3287311.559596 0.000000 0.000000 0.000000 1.000000
4.999802 -2849740.312972 4656335.528220 3287312.052247 0.000000 0.000000 0.000000 1.000000
5.009796 -2849739.770108 4656336.021084 3287312.545900 0.000000 0.000000 0.000000 1.000000
5.019800 -2849739.226244 4656336.514948 3287313.040554 0.000000 0.000000 0.000000 1.000000
5.029838 -2849738.681380 4656337.009812 3287313.536209 0.000000 0.000000 0.000000 1.000000
5.039748 -2849738.135516 4656337.505676 3287314.032866 0.000000 0.000000 0.000000 1.000000
5.049904 -2849737.588653 4656338.002540 3287314.530525 0.000000 0.000000 0.000000 1.000000
5.059893 -2849737.040789 4656338.500405 3287315.029185 0.000000 0.000000 0.000000 1.000000
5.069834 -2849736.491925 4656338.999269 3287315.528847 0.000000 0.000000 0.000000 1.000000
5.079982 -2849735.942061 4656339.499133 3287316.029511 0.000000 0.000000 0.000000 1.000000
5.090080 -2849735.391197 4656339.999997 3287316.531176 0.000000 0.000000 0.000000 1.000000
5.099899 -2849734.839333 4656340.501861 3287317.033842 0.000000 0.000000 0.000000 1.000000
5.109948 -2849734.286469 4656341.004725 3287317.537511 0.000000 0.000000 0.000000 1.000000
5.119930 -2849733.732592 4656341.508601 3287318.042192 0.000000 0.000000 0.000000 1.000000
5.129944 -2849733.177728 4656342.013465 3287318.547864 0.000000 0.000000 0.000000 1.000000
5.140136 -2849732.621864 4656342.519329 3287319.054537 0.000000 0.000000 0.000000 1.000000
5.149984 -2849732.065000 4656343.026193 3287319.562211 0.000000 0.000000 0.000000 1.000000
5.159945 -2849731.507136 4656343.534057 3287320.070887 0.000000 0.000000 0.000000 1.000000
5.169939 -2849730.948272 4656344.042921 3287320.580565 0.000000 0.000000 0.000000 1.000000
5.180140 -2849730.388408 4656344.552785 3287321.091244 0.000000 0.000000 0.000000 1.000000
5.189971 -2849729.827544 4656345.063649 3287321.602925 0.000000 0.000000 0.000000 1.000000
5.199931 -2849729.265680 4656345.575513 3287322.115607 0.000000 0.000000 0.000000 1.000000
5.209882 -2849728.702816 4656346.088377 3287322.629291 0.000000 0.000000 0.000000 1.000000
5.220042 -2849728.138952 4656346.602241 3287323.143977 0.000000 0.000000 0.000000 1.000000
5.229899 -2849727.574088 4656347.117105 3287323.659664 0.000000 0.000000 0.000000 1.000000
5.239832 -2849727.008224 4656347.632969 3287324.176353 0.000000 0.000000 0.000000 1.000000
5.249809 -2849726.441360 4656348.149833 3287324.694043 0.000000 0.000000 0.000000 1.000000
5.259848 -2849725.873496 4656348.667697 3287325.212735 0.000000 0.000000 0.000000 1.000000
5.269859 -2849725.304632 4656349.186561 3287325.732428 0.000000 0.000000 0.000000 1.000000
5.279843 -2849724.734768 4656349.706425 3287326.253123 0.000000 0.000000 0.000000 1.000000
5.289825 -2849724.163904 4656350.227289 3287326.774820 0.000000 0.000000 0.000000 1.000000
5.299901 -2849723.592040 4656350.749153 3287327.297518 0.000000 0.000000 0.000000 1.000000
5.309893 -2849723.019176 4656351.272017 3287327.821218 0.000000 0.000000 0.000000 1.000000
5.320072 -2849722.445312 4656351.795881 3287328.345919 0.000000 0.000000 0.000000 1.000000
5.329950 -2849721.870448 4656352.320745 3287328.871622 0.000000 0.000000 0.000000 1.000000
5.339972 -2849721.294584 4656352.846609 3287329.398326 0.000000 0.000000 0.000000 1.000000
5.349894 -2849720.717720 4656353.373473 3287329.926032 0.000000 0.000000 0.000000 1.000000
5.359945 -2849720.139856 4656353.901337 3287330.454740 0.000000 0.000000 0.000000 1.000000
5.370123 -2849719.560979 4656354.430213 3287330.984462 0.000000 0.000000 0.000000 1.000000
5.379943 -2849718.981115 4656354.960077 3287331.515173 0.000000 0.000000 0.000000 1.000000
5.389915 -2849718.400251 4656355.490941 3287332.046885 0.000000 0.000000 0.000000 1.000000
5.399986 -2849717.818387 4656356.022805 3287332.579599 0.000000 0.000000 0.000000 1.000000
5.410082 -2849717.235523 4656356.555669 3287333.113315 0.000000 0.000000 0.000000 1.000000
5.419971 -2849716.651659 4656357.089533 3287333.648032 0.000000 0.000000 0.000000 1.000000
5.429874 -2849716.066795 4656357.624397 3287334.183750 0.000000 0.000000 0.000000 1.000000
5.439787 -2849715.480931 4656358.160261 3287334.720471 0.000000 0.000000 0.000000 1.000000
5.449788 -2849714.894067 4656358.697125 3287335.258192 0.000000 0.000000 0.000000 1.000000
5.459973 -2849714.306203 4656359.234989 3287335.796916 0.000000 0.000000 0.000000 1.000000
5.469812 -2849713.717339 4656359.773853 3287336.336641 0.000000 0.000000 0.000000 1.000000
5.479776 -2849713.127475 4656360.313717 3287336.877367 0.000000 0.000000 0.000000 1.000000
5.489796 -2849712.536611 4656360.854581 3287337.419095 0.000000 0.000000 0.000000 1.000000
5.499741 -2849711.944747 4656361.396445 3287337.961825 0.000000 0.000000 0.000000 1.000000
5.509853 -2849711.351883 4656361.939309 3287338.505556 0.000000 0.000000 0.000000 1.000000
5.519840 -2849710.758019 4656362.483173 3287339.050289 0.000000 0.000000 0.000000 1.000000
5.529758 -2849710.163156 4656363.028037 3287339.596024 0.000000 0.000000 0.000000 1.000000
5.539757 -2849709.567292 4656363.573901 3287340.142760 0.000000 0.000000 0.000000 1.000000
5.549791 -2849708.970428 4656364.120765 3287340.690497 0.000000 0.000000 0.000000 1.000000
5.559742 -2849708.372564 4656364.668629 3287341.239237 0.000000 0.000000 0.000000 1.000000
5.569749 -2849707.773700 4656365.217493 3287341.788977 0.000000 0.000000 0.000000 1.000000
5.579760 -2849707.173836 4656365.767357 3287342.339720 0.000000 0.000000 0.000000 1.000000
5.589748 -2849706.572972 4656366.318221 3287342.891464 0.000000 0.000000 0.000000 1.000000
5.599791 -2849705.971108 4656366.870085 3287343.444209 0.000000 0.000000 0.000000 1.000000
5.609756 -2849705.368244 4656367.422949 3287343.997956 0.000000 0.000000 0.000000 1.000000
5.619744 -2849704.764366 4656367.976826 3287344.552718 0.000000 0.000000 0.000000 1.000000
5.629756 -2849704.159502 4656368.531690 3287345.108468 0.000000 0.000000 0.000000 1.000000
5.639817 -2849703.553638 4656369.087554 3287345.665220 0.000000 0.000000 0.000000 1.000000
5.649759 -2849702.946774 4656369.644418 3287346.222973 0.000000 0.000000 0.000000 1.000000
5.659760 -2849702.338910 4656370.202282 3287346.781728 0.000000 0.000000 0.000000 1.000000
5.669798 -2849701.730046 4656370.761146 3287347.341485 0.000000 0.000000 0.000000 1.000000
5.679806 -2849701.120182 4656371.321010 3287347.902243 0.000000 0.000000 0.000000 1.000000
5.689790 -2849700.509318 4656371.881874 3287348.464003 0.000000 0.000000 0.000000 1.000000
5.699817 -2849699.897454 4656372.443738 3287349.026764 0.000000 0.000000 0.000000 1.000000
5.709761 -2849699.284590 4656373.006602 3287349.590527 0.000000 0.000000 0.000000 1.000000
5.719792 -2849698.670727 4656373.570466 3287350.155291 0.000000 0.000000 0.000000 1.000000
5.729763 -2849698.055863 4656374.135330 3287350.721057 0.000000 0.000000 0.000000 1.000000
5.739808 -2849697.439999 4656374.701194 3287351.287825 0.000000 0.000000 0.000000 1.000000
5.749759 -2849696.823135 4656375.268058 3287351.855594 0.000000 0.000000 0.000000 1.000000
5.759792 -2849696.205271 4656375.835922 3287352.424365 0.000000 0.000000 0.000000 1.000000
5.769774 -2849695.586407 4656376.404786 3287352.994137 0.000000 0.000000 0.000000 1.000000
5.779801 -2849694.966543 4656376.974650 3287353.564911 0.000000 0.000000 0.000000 1.000000
5.789807 -2849694.345679 4656377.545514 3287354.136686 0.000000 0.000000 0.000000 1.000000
5.799763 -2849693.723815 4656378.117378 3287354.709463 0.000000 0.000000 0.000000 1.000000
5.809754 -2849693.100951 4656378.690242 3287355.283242 0.000000 0.000000 0.000000 1.000000
5.819756 -2849692.477087 4656379.264106 3287355.858022 0.000000 0.000000 0.000000 1.000000
5.829814 -2849691.852224 4656379.838970 3287356.433804 0.000000 0.000000 0.000000 1.000000
5.839755 -2849691.226360 4656380.414834 3287357.010587 0.000000 0.000000 0.000000 1.000000
5.849754 -2849690.599496 4656380.991697 3287357.588372 0.000000 0.000000 0.000000 1.000000
5.859777 -2849689.971632 4656381.569561 3287358.167159 0.000000 0.000000 0.000000 1.000000
5.869799 -2849689.342753 4656382.148439 3287358.746960 0.000000 0.000000 0.000000 1.000000
5.879784 -2849688.712889 4656382.728303 3287359.327750 0.000000 0.000000 0.000000 1.000000
5.889779 -2849688.082025 4656383.309167 3287359.909541 0.000000 0.000000 0.000000 1.000000
5.899759 -2849687.450161 4656383.891031 3287360.492334 0.000000 0.000000 0.000000 1.000000
5.909755 -2849686.817297 4656384.473895 3287361.076129 0.000000 0.000000 0.000000 1.000000
5.919800 -2849686.183433 4656385.057759 3287361.660924 0.000000 0.000000 0.000000 1.000000
5.929796 -2849685.548570 4656385.642623 3287362.246722 0.000000 0.000000 0.000000 1.000000
5.939767 -2849684.912706 4656386.228487 3287362.833521 0.000000 0.000000 0.000000 1.000000
5.949760 -2849684.275842 4656386.815351 3287363.421322 0.000000 0.000000 0.000000 1.000000
5.959762 -2849683.637978 4656387.403215 3287364.010124 0.000000 0.000000 0.000000 1.000000
5.969758 -2849682.999114 4656387.992079 3287364.599928 0.000000 0.000000 0.000000 1.000000
5.979846 -2849682.359250 4656388.581943 3287365.190733 0.000000 0.000000 0.000000 1.000000
5.989765 -2849681.718386 4656389.172807 3287365.782540 0.000000 0.000000 0.000000 1.000000
5.999755 -2849681.076522 4656389.764670 3287366.375349 0.000000 0.000000 0.000000 1.000000
6.009783 -2849680.433658 4656390.357534 3287366.969159 0.000000 0.000000 0.000000 1.000000
6.019838 -2849679.789794 4656390.951398 3287367.563971 0.000000 0.000000 0.000000 1.000000
6.029782 -2849679.144931 4656391.546262 3287368.159784 0.000000 0.000000 0.000000 1.000000
6.039899 -2849678.499067 4656392.142126 3287368.756599 0.000000 0.000000 0.000000 1.000000
6.049785 -2849677.852203 4656392.738990 3287369.354416 0.000000 0.000000 0.000000 1.000000
6.059830 -2849677.204339 4656393.336854 3287369.953234 0.000000 0.000000 0.000000 1.000000
6.069809 -2849676.555475 4656393.935718 3287370.553053 0.000000 0.000000 0.000000 1.000000
6.079790 -2849675.905611 4656394.535582 3287371.153874 0.000000 0.000000 0.000000 1.000000
6.089862 -2849675.254747 4656395.136446 3287371.755697 0.000000 0.000000 0.000000 1.000000
6.099884 -2849674.602883 4656395.738310 3287372.358522 0.000000 0.000000 0.000000 1.000000
6.109786 -2849673.950020 4656396.341174 3287372.962347 0.000000 0.000000 0.000000 1.000000
6.119858 -2849673.296140 4656396.945052 3287373.567189 0.000000 0.000000 0.000000 1.000000
6.129829 -2849672.641276 4656397.549916 3287374.173018 0.000000 0.000000 0.000000 1.000000
6.139954 -2849671.985412 4656398.155780 3287374.779849 0.000000 0.000000 0.000000 1.000000
6.149944 -2849671.328548 4656398.762644 3287375.387681 0.000000 0.000000 0.000000 1.000000
6.159913 -2849670.670685 4656399.370508 3287375.996515 0.000000 0.000000 0.000000 1.000000
6.170087 -2849670.011821 4656399.979372 3287376.606351 0.000000 0.000000 0.000000 1.000000
6.179909 -2849669.351957 4656400.589236 3287377.217188 0.000000 0.000000 0.000000 1.000000
6.189759 -2849668.691093 4656401.200100 3287377.829026 0.000000 0.000000 0.000000 1.000000
6.199788 -2849668.029229 4656401.811963 3287378.441866 0.000000 0.000000 0.000000 1.000000
6.209805 -2849667.366365 4656402.424827 3287379.055708 0.000000 0.000000 0.000000 1.000000
6.219816 -2849666.702501 4656403.038691 3287379.670551 0.000000 0.000000 0.000000 1.000000
6.229777 -2849666.037637 4656403.653555 3287380.286396 0.000000 0.000000 0.000000 1.000000
6.239762 -2849665.371774 4656404.269419 3287380.903243 0.000000 0.000000 0.000000 1.000000
6.249760 -2849664.704910 4656404.886283 3287381.521091 0.000000 0.000000 0.000000 1.000000
6.259765 -2849664.037046 4656405.504147 3287382.139940 0.000000 0.000000 0.000000 1.000000
6.269808 -2849663.368182 4656406.123011 3287382.759791 0.000000 0.000000 0.000000 1.000000
6.279776 -2849662.698318 4656406.742875 3287383.380644 0.000000 0.000000 0.000000 1.000000
6.289762 -2849662.027454 4656407.363739 3287384.002498 0.000000 0.000000 0.000000 1.000000
6.299765 -2849661.355590 4656407.985603 3287384.625354 0.000000 0.000000 0.000000 1.000000
6.309762 -2849660.682727 4656408.608466 3287385.249212 0.000000 0.000000 0.000000 1.000000
6.319849 -2849660.008863 4656409.232330 3287385.874071 0.000000 0.000000 0.000000 1.000000
6.329774 -2849659.333999 4656409.857194 3287386.499931 0.000000 0.000000 0.000000 1.000000
6.339803 -2849658.658135 4656410.483058 3287387.126794 0.000000 0.000000 0.000000 1.000000
6.349764 -2849657.981271 4656411.109922 3287387.754657 0.000000 0.000000 0.000000 1.000000
6.359823 -2849657.303407 4656411.737786 3287388.383523 0.000000 0.000000 0.000000 1.000000
6.369783 -2849656.624527 4656412.366665 3287389.013405 0.000000 0.000000 0.000000 1.000000
6.379769 -2849655.944663 4656412.996529 3287389.644273 0.000000 0.000000 0.000000 1.000000
6.389771 -2849655.263800 4656413.627393 3287390.276143 0.000000 0.000000 0.000000 1.000000
6.399804 -2849654.581936 4656414.259257 3287390.909015 0.000000 0.000000 0.000000 1.000000
6.409785 -2849653.899072 4656414.892120 3287391.542888 0.000000 0.000000 0.000000 1.000000
6.419777 -2849653.215208 4656415.525984 3287392.177763 0.000000 0.000000 0.000000 1.000000
6.429781 -2849652.530344 4656416.160848 3287392.813640 0.000000 0.000000 0.000000 1.000000
6.439760 -2849651.844480 4656416.796712 3287393.450518 0.000000 0.000000 0.000000 1.000000
6.449769 -2849651.157616 4656417.433576 3287394.088397 0.000000 0.000000 0.000000 1.000000
6.459849 -2849650.469753 4656418.071440 3287394.727278 0.000000 0.000000 0.000000 1.000000
6.469778 -2849649.780889 4656418.710304 3287395.367161 0.000000 0.000000 0.000000 1.000000
6.479764 -2849649.091025 4656419.350168 3287396.008045 0.000000 0.000000 0.000000 1.000000
6.489802 -2849648.400161 4656419.991032 3287396.649931 0.000000 0.000000 0.000000 1.000000
6.499888 -2849647.708297 4656420.632896 3287397.292819 0.000000 0.000000 0.000000 1.000000
6.509790 -2849647.015433 4656421.275759 3287397.936708 0.000000 0.000000 0.000000 1.000000
6.519768 -2849646.321570 4656421.919623 3287398.581598 0.000000 0.000000 0.000000 1.000000
6.529791 -2849645.626706 4656422.564487 3287399.227490 0.000000 0.000000 0.000000 1.000000
6.539770 -2849644.930842 4656423.210351 3287399.874384 0.000000 0.000000 0.000000 1.000000
6.549877 -2849644.233978 4656423.857215 3287400.522280 0.000000 0.000000 0.000000 1.000000
6.559769 -2849643.536114 4656424.505079 3287401.171176 0.000000 0.000000 0.000000 1.000000
6.569790 -2849642.837250 4656425.153943 3287401.821075 0.000000 0.000000 0.000000 1.000000
6.579761 -2849642.137387 4656425.803807 3287402.471975 0.000000 0.000000 0.000000 1.000000
6.589847 -2849641.436523 4656426.454670 3287403.123877 0.000000 0.000000 0.000000 1.000000
6.599820 -2849640.734659 4656427.106534 3287403.776780 0.000000 0.000000 0.000000 1.000000
6.609816 -2849640.031795 4656427.759398 3287404.430685 0.000000 0.000000 0.000000 1.000000
6.619820 -2849639.327914 4656428.413278 3287405.085607 0.000000 0.000000 0.000000 1.000000
6.629769 -2849638.623051 4656429.068142 3287405.741515 0.000000 0.000000 0.000000 1.000000
6.639769 -2849637.917187 4656429.724005 3287406.398424 0.000000 0.000000 0.000000 1.000000
6.649821 -2849637.210323 4656430.380869 3287407.056335 0.000000 0.000000 0.000000 1.000000
6.659770 -2849636.502459 4656431.038733 3287407.715248 0.000000 0.000000 0.000000 1.000000
6.669835 -2849635.793595 4656431.697597 3287408.375162 0.000000 0.000000 0.000000 1.000000
6.679794 -2849635.083731 4656432.357461 3287409.036078 0.000000 0.000000 0.000000 1.000000
6.689790 -2849634.372868 4656433.018325 3287409.697996 0.000000 0.000000 0.000000 1.000000
6.699855 -2849633.661004 4656433.680189 3287410.360915 0.000000 0.000000 0.000000 1.000000
6.709822 -2849632.948140 4656434.343053 3287411.024835 0.000000 0.000000 0.000000 1.000000
6.719795 -2849632.234276 4656435.006916 3287411.689757 0.000000 0.000000 0.000000 1.000000
6.729765 -2849631.519412 4656435.671780 3287412.355681 0.000000 0.000000 0.000000 1.000000
6.739889 -2849630.803548 4656436.337644 3287413.022606 0.000000 0.000000 0.000000 1.000000
6.749784 -2849630.086685 4656437.004508 3287413.690533 0.000000 0.000000 0.000000 1.000000
6.759808 -2849629.368821 4656437.672372 3287414.359462 0.000000 0.000000 0.000000 1.000000
6.769802 -2849628.649957 4656438.341236 3287415.029392 0.000000 0.000000 0.000000 1.000000
6.779756 -2849627.930093 4656439.011100 3287415.700323 0.000000 0.000000 0.000000 1.000000
6.789764 -2849627.209229 4656439.681964 3287416.372257 0.000000 0.000000 0.000000 1.000000
6.799810 -2849626.487366 4656440.353827 3287417.045191 0.000000 0.000000 0.000000 1.000000
6.809762 -2849625.764502 4656441.026691 3287417.719128 0.000000 0.000000 0.000000 1.000000
6.819799 -2849625.040638 4656441.700555 3287418.394066 0.000000 0.000000 0.000000 1.000000
6.829773 -2849624.315774 4656442.375419 3287419.070005 0.000000 0.000000 0.000000 1.000000
6.839823 -2849623.589910 4656443.051283 3287419.746946 0.000000 0.000000 0.000000 1.000000
6.849765 -2849622.863047 4656443.728147 3287420.424889 0.000000 0.000000 0.000000 1.000000
6.859780 -2849622.135183 4656444.406010 3287421.103833 0.000000 0.000000 0.000000 1.000000
6.869761 -2849621.406302 4656445.084891 3287421.783795 0.000000 0.000000 0.000000 1.000000
6.879784 -2849620.676438 4656445.764754 3287422.464742 0.000000 0.000000 0.000000 1.000000
6.889848 -2849619.945574 4656446.445618 3287423.146691 0.000000 0.000000 0.000000 1.000000
6.899771 -2849619.213710 4656447.127482 3287423.829642 0.000000 0.000000 0.000000 1.000000
6.909764 -2849618.480846 4656447.810346 3287424.513594 0.000000 0.000000 0.000000 1.000000
6.919748 -2849617.746983 4656448.494210 3287425.198548 0.000000 0.000000 0.000000 1.000000
6.929803 -2849617.012119 4656449.179074 3287425.884503 0.000000 0.000000 0.000000 1.000000
6.939773 -2849616.276255 4656449.864938 3287426.571460 0.000000 0.000000 0.000000 1.000000
6.949789 -2849615.539391 4656450.551801 3287427.259418 0.000000 0.000000 0.000000 1.000000
6.959756 -2849614.801527 4656451.239665 3287427.948378 0.000000 0.000000 0.000000 1.000000
6.969771 -2849614.062664 4656451.928529 3287428.638340 0.000000 0.000000 0.000000 1.000000
6.979753 -2849613.322800 4656452.618393 3287429.329303 0.000000 0.000000 0.000000 1.000000
6.989756 -2849612.581936 4656453.309257 3287430.021268 0.000000 0.000000 0.000000 1.000000
6.999868 -2849611.840072 4656454.001121 3287430.714234 0.000000 0.000000 0.000000 1.000000
7.009753 -2849611.097208 4656454.693984 3287431.408202 0.000000 0.000000 0.000000 1.000000
7.019784 -2849610.353345 4656455.387848 3287432.103172 0.000000 0.000000 0.000000 1.000000
7.029755 -2849609.608481 4656456.082712 3287432.799143 0.000000 0.000000 0.000000 1.000000
7.039863 -2849608.862617 4656456.778576 3287433.496115 0.000000 0.000000 0.000000 1.000000
7.049757 -2849608.115753 4656457.475440 3287434.194089 0.000000 0.000000 0.000000 1.000000
7.059760 -2849607.367889 4656458.173304 3287434.893065 0.000000 0.000000 0.000000 1.000000
7.069755 -2849606.619026 4656458.872167 3287435.593043 0.000000 0.000000 0.000000 1.000000
7.079818 -2849605.869162 4656459.572031 3287436.294022 0.000000 0.000000 0.000000 1.000000
7.089821 -2849605.118298 4656460.272895 3287436.996002 0.000000 0.000000 0.000000 1.000000
7.099816 -2849604.366434 4656460.974759 3287437.698984 0.000000 0.000000 0.000000 1.000000
7.109759 -2849603.613571 4656461.677623 3287438.402968 0.000000 0.000000 0.000000 1.000000
7.119861 -2849602.859689 4656462.381503 3287439.107970 0.000000 0.000000 0.000000 1.000000
7.129775 -2849602.104825 4656463.086367 3287439.813957 0.000000 0.000000 0.000000 1.000000
7.139775 -2849601.348961 4656463.792231 3287440.520945 0.000000 0.000000 0.000000 1.000000
7.149795 -2849600.592097 4656464.499095 3287441.228935 0.000000 0.000000 0.000000 1.000000
7.159817 -2849599.834234 4656465.206959 3287441.937927 0.000000 0.000000 0.000000 1.000000
7.169775 -2849599.075370 4656465.915823 3287442.647920 0.000000 0.000000 0.000000 1.000000
7.179808 -2849598.315506 4656466.625686 3287443.358915 0.000000 0.000000 0.000000 1.000000
7.189829 -2849597.554642 4656467.336550 3287444.070911 0.000000 0.000000 0.000000 1.000000
7.199761 -2849596.792778 4656468.048414 3287444.783909 0.000000 0.000000 0.000000 1.000000
7.209768 -2849596.029915 4656468.761278 3287445.497908 0.000000 0.000000 0.000000 1.000000
7.219819 -2849595.266051 4656469.475142 3287446.212909 0.000000 0.000000 0.000000 1.000000
7.229749 -2849594.501187 4656470.190006 3287446.928912 0.000000 0.000000 0.000000 1.000000
7.239754 -2849593.735323 4656470.905869 3287447.645916 0.000000 0.000000 0.000000 1.000000
7.249753 -2849592.968460 4656471.622733 3287448.363922 0.000000 0.000000 0.000000 1.000000
7.259768 -2849592.200596 4656472.340597 3287449.082929 0.000000 0.000000 0.000000 1.000000
7.269861 -2849591.431732 4656473.059461 3287449.802938 0.000000 0.000000 0.000000 1.000000
7.279799 -2849590.661868 4656473.779325 3287450.523948 0.000000 0.000000 0.000000 1.000000
7.289741 -2849589.891005 4656474.500188 3287451.245961 0.000000 0.000000 0.000000 1.000000
7.299745 -2849589.119141 4656475.222052 3287451.968974 0.000000 0.000000 0.000000 1.000000
7.309819 -2849588.346277 4656475.944916 3287452.692989 0.000000 0.000000 0.000000 1.000000
7.319806 -2849587.572413 4656476.668780 3287453.418006 0.000000 0.000000 0.000000 1.000000
7.329783 -2849586.797550 4656477.393644 3287454.144025 0.000000 0.000000 0.000000 1.000000
7.339756 -2849586.021686 4656478.119507 3287454.871044 0.000000 0.000000 0.000000 1.000000
7.349755 -2849585.244822 4656478.846371 3287455.599066 0.000000 0.000000 0.000000 1.000000
7.359768 -2849584.466958 4656479.574235 3287456.328089 0.000000 0.000000 0.000000 1.000000
7.369837 -2849583.688076 4656480.303116 3287457.058131 0.000000 0.000000 0.000000 1.000000
7.379761 -2849582.908212 4656481.032980 3287457.789157 0.000000 0.000000 0.000000 1.000000
7.389751 -2849582.127348 4656481.763844 3287458.521185 0.000000 0.000000 0.000000 1.000000
7.399764 -2849581.345485 4656482.495708 3287459.254215 0.000000 0.000000 0.000000 1.000000
7.409758 -2849580.562621 4656483.228571 3287459.988246 0.000000 0.000000 0.000000 1.000000
7.419805 -2849579.778757 4656483.962435 3287460.723278 0.000000 0.000000 0.000000 1.000000
7.430018 -2849578.993893 4656484.697299 3287461.459312 0.000000 0.000000 0.000000 1.000000
7.439754 -2849578.208030 4656485.433163 3287462.196348 0.000000 0.000000 0.000000 1.000000
7.449763 -2849577.421166 4656486.170027 3287462.934386 0.000000 0.000000 0.000000 1.000000
7.459821 -2849576.633302 4656486.907890 3287463.673424 0.000000 0.000000 0.000000 1.000000
7.469760 -2849575.844438 4656487.646754 3287464.413465 0.000000 0.000000 0.000000 1.000000
7.479750 -2849575.054575 4656488.386618 3287465.154507 0.000000 0.000000 0.000000 1.000000
7.489759 -2849574.263711 4656489.127482 3287465.896550 0.000000 0.000000 0.000000 1.000000
7.499800 -2849573.471847 4656489.869346 3287466.639596 0.000000 0.000000 0.000000 1.000000
7.509781 -2849572.678983 4656490.612209 3287467.383642 0.000000 0.000000 0.000000 1.000000
7.519779 -2849571.885120 4656491.356073 3287468.128691 0.000000 0.000000 0.000000 1.000000
7.529785 -2849571.090256 4656492.100937 3287468.874741 0.000000 0.000000 0.000000 1.000000
7.539784 -2849570.294392 4656492.846801 3287469.621792 0.000000 0.000000 0.000000 1.000000
7.549809 -2849569.497528 4656493.593665 3287470.369845 0.000000 0.000000 0.000000 1.000000
7.559803 -2849568.699665 4656494.341528 3287471.118900 0.000000 0.000000 0.000000 1.000000
7.569790 -2849567.900801 4656495.090392 3287471.868956 0.000000 0.000000 0.000000 1.000000
7.579777 -2849567.100937 4656495.840256 3287472.620014 0.000000 0.000000 0.000000 1.000000
7.589761 -2849566.300073 4656496.591120 3287473.372073 0.000000 0.000000 0.000000 1.000000
7.599814 -2849565.498210 4656497.342984 3287474.125134 0.000000 0.000000 0.000000 1.000000
7.609890 -2849564.695346 4656498.095847 3287474.879197 0.000000 0.000000 0.000000 1.000000
7.619779 -2849563.891463 4656498.849729 3287475.634279 0.000000 0.000000 0.000000 1.000000
7.629759 -2849563.086599 4656499.604593 3287476.390345 0.000000 0.000000 0.000000 1.000000
7.639738 -2849562.280736 4656500.360457 3287477.147412 0.000000 0.000000 0.000000 1.000000
7.649804 -2849561.473872 4656501.117320 3287477.905481 0.000000 0.000000 0.000000 1.000000
7.659775 -2849560.666008 4656501.875184 3287478.664551 0.000000 0.000000 0.000000 1.000000
7.669806 -2849559.857144 4656502.634048 3287479.424623 0.000000 0.000000 0.000000 1.000000
7.679785 -2849559.047281 4656503.393912 3287480.185697 0.000000 0.000000 0.000000 1.000000
7.689787 -2849558.236417 4656504.154776 3287480.947772 0.000000 0.000000 0.000000 1.000000
7.699845 -2849557.424553 4656504.916639 3287481.710849 0.000000 0.000000 0.000000 1.000000
7.709781 -2849556.611689 4656505.679503 3287482.474927 0.000000 0.000000 0.000000 1.000000
7.719854 -2849555.797826 4656506.443367 3287483.240007 0.000000 0.000000 0.000000 1.000000
7.729898 -2849554.982962 4656507.208231 3287484.006088 0.000000 0.000000 0.000000 1.000000
7.739897 -2849554.167098 4656507.974094 3287484.773171 0.000000 0.000000 0.000000 1.000000
7.750037 -2849553.350235 4656508.740958 3287485.541256 0.000000 0.000000 0.000000 1.000000
7.759903 -2849552.532371 4656509.508822 3287486.310342 0.000000 0.000000 0.000000 1.000000
7.769975 -2849551.713507 4656510.277686 3287487.080430 0.000000 0.000000 0.000000 1.000000
7.779902 -2849550.893643 4656511.047550 3287487.851519 0.000000 0.000000 0.000000 1.000000
7.789911 -2849550.072780 4656511.818413 3287488.623610 0.000000 0.000000 0.000000 1.000000
7.800125 -2849549.250916 4656512.590277 3287489.396703 0.000000 0.000000 0.000000 1.000000
7.809907 -2849548.428052 4656513.363141 3287490.170797 0.000000 0.000000 0.000000 1.000000
7.819906 -2849547.604189 4656514.137005 3287490.945893 0.000000 0.000000 0.000000 1.000000
7.829843 -2849546.779325 4656514.911868 3287491.721990 0.000000 0.000000 0.000000 1.000000
7.839872 -2849545.953461 4656515.687732 3287492.499089 0.000000 0.000000 0.000000 1.000000
7.849765 -2849545.126597 4656516.464596 3287493.277189 0.000000 0.000000 0.000000 1.000000
7.859812 -2849544.298734 4656517.242460 3287494.056291 0.000000 0.000000 0.000000 1.000000
7.869801 -2849543.469850 4656518.021342 3287494.836413 0.000000 0.000000 0.000000 1.000000
7.879840 -2849542.639987 4656518.801206 3287495.617518 0.000000 0.000000 0.000000 1.000000
7.889847 -2849541.809123 4656519.582069 3287496.399625 0.000000 0.000000 0.000000 1.000000
7.899754 -2849540.977259 4656520.363933 3287497.182733 0.000000 0.000000 0.000000 1.000000
7.909755 -2849540.144395 4656521.146797 3287497.966843 0.000000 0.000000 0.000000 1.000000
7.919737 -2849539.310532 4656521.930661 3287498.751955 0.000000 0.000000 0.000000 1.000000
7.929804 -2849538.475668 4656522.715524 3287499.538068 0.000000 0.000000 0.000000 1.000000
7.939794 -2849537.639804 4656523.501388 3287500.325182 0.000000 0.000000 0.000000 1.000000
7.949745 -2849536.802941 4656524.288252 3287501.113298 0.000000 0.000000 0.000000 1.000000
7.959805 -2849535.965077 4656525.076116 3287501.902416 0.000000 0.000000 0.000000 1.000000
7.969750 -2849535.126213 4656525.864980 3287502.692536 0.000000 0.000000 0.000000 1.000000
7.979815 -2849534.286349 4656526.654843 3287503.483656 0.000000 0.000000 0.000000 1.000000
7.989733 -2849533.445486 4656527.445707 3287504.275779 0.000000 0.000000 0.000000 1.000000
7.999780 -2849532.603622 4656528.237571 3287505.068903 0.000000 0.000000 0.000000 1.000000
8.009850 -2849531.760758 4656529.030434 3287505.863029 0.000000 0.000000 0.000000 1.000000
8.019827 -2849530.916895 4656529.824298 3287506.658156 0.000000 0.000000 0.000000 1.000000
8.029801 -2849530.072031 4656530.619162 3287507.454285 0.000000 0.000000 0.000000 1.000000
8.039750 -2849529.226167 4656531.415026 3287508.251415 0.000000 0.000000 0.000000 1.000000
8.049747 -2849528.379304 4656532.211889 3287509.049547 0.000000 0.000000 0.000000 1.000000
8.059756 -2849527.531440 4656533.009753 3287509.848680 0.000000 0.000000 0.000000 1.000000
8.069758 -2849526.682576 4656533.808617 3287510.648816 0.000000 0.000000 0.000000 1.000000
8.079872 -2849525.832712 4656534.608481 3287511.449952 0.000000 0.000000 0.000000 1.000000
8.089858 -2849524.981849 4656535.409344 3287512.252090 0.000000 0.000000 0.000000 1.000000
8.099781 -2849524.129985 4656536.211208 3287513.055230 0.000000 0.000000 0.000000 1.000000
8.109774 -2849523.277121 4656537.014072 3287513.859372 0.000000 0.000000 0.000000 1.000000
8.119886 -2849522.423237 4656537.817955 3287514.664534 0.000000 0.000000 0.000000 1.000000
8.129931 -2849521.568374 4656538.622818 3287515.470678 0.000000 0.000000 0.000000 1.000000
8.139829 -2849520.712510 4656539.428682 3287516.277825 0.000000 0.000000 0.000000 1.000000
