0.000000 -2849886.568251 4656214.272942 3287190.600463 0.000000 0.000000 0.000000 1.000000
0.010000 -2849886.518151 4656214.273042 3287190.600563 0.000000 0.000000 0.000000 1.000000
0.020000 -2849886.467861 4656214.273332 3287190.600853 0.000000 0.000000 0.000000 1.000000
0.030000 -2849886.417300 4656214.273893 3287190.601414 0.000000 0.000000 0.000000 1.000000
0.040000 -2849886.366395 4656214.274798 3287190.602319 0.000000 0.000000 0.000000 1.000000
0.050000 -2849886.315081 4656214.276112 3287190.603633 0.000000 0.000000 0.000000 1.000000
0.060000 -2849886.263298 4656214.277895 3287190.605416 0.000000 0.000000 0.000000 1.000000
0.070000 -2849886.210993 4656214.280200 3287190.607721 0.000000 0.000000 0.000000 1.000000
0.080000 -2849886.158119 4656214.283074 3287190.610595 0.000000 0.000000 0.000000 1.000000
0.090000 -2849886.104632 4656214.286561 3287190.614082 0.000000 0.000000 0.000000 1.000000
0.100000 -2849886.050494 4656214.290699 3287190.618220 0.000000 0.000000 0.000000 1.000000
0.110000 -2849885.995670 4656214.295523 3287190.623044 0.000000 0.000000 0.000000 1.000000
0.120000 -2849885.940128 4656214.301065 3287190.628586 0.000000 0.000000 0.000000 1.000000
0.130000 -2849885.883840 4656214.307353 3287190.634874 0.000000 0.000000 0.000000 1.000000
0.140000 -2849885.826781 4656214.314412 3287190.641933 0.000000 0.000000 0.000000 1.000000
0.150000 -2849885.768928 4656214.322265 3287190.649786 0.000000 0.000000 0.000000 1.000000
0.160000 -2849885.710260 4656214.330932 3287190.658454 0.000000 0.000000 0.000000 1.000000
0.170000 -2849885.650759 4656214.340433 3287190.667955 0.000000 0.000000 0.000000 1.000000
0.180000 -2849885.590409 4656214.350784 3287190.678305 0.000000 0.000000 0.000000 1.000000
0.190000 -2849885.529193 4656214.362000 3287190.689521 0.000000 0.000000 0.000000 1.000000
0.200000 -2849885.467099 4656214.374094 3287190.701615 0.000000 0.000000 0.000000 1.000000
0.210000 -2849885.404114 4656214.387079 3287190.714600 0.000000 0.000000 0.000000 1.000000
0.220000 -2849885.340228 4656214.400965 3287190.728486 0.000000 0.000000 0.000000 1.000000
0.230000 -2849885.275430 4656214.415763 3287190.743284 0.000000 0.000000 0.000000 1.000000
0.240000 -2849885.209712 4656214.431481 3287190.759002 0.000000 0.000000 0.000000 1.000000
0.250000 -2849885.143066 4656214.448127 3287190.775648 0.000000 0.000000 0.000000 1.000000
0.260000 -2849885.075484 4656214.465708 3287190.793230 0.000000 0.000000 0.000000 1.000000
0.270000 -2849885.006961 4656214.484232 3287190.811753 0.000000 0.000000 0.000000 1.000000
0.280000 -2849884.937490 4656214.503703 3287190.831224 0.000000 0.000000 0.000000 1.000000
0.290000 -2849884.867066 4656214.524127 3287190.851648 0.000000 0.000000 0.000000 1.000000
0.300000 -2849884.795685 4656214.545508 3287190.873029 0.000000 0.000000 0.000000 1.000000
0.310000 -2849884.723341 4656214.567852 3287190.895373 0.000000 0.000000 0.000000 1.000000
0.320000 -2849884.650032 4656214.591161 3287190.918682 0.000000 0.000000 0.000000 1.000000
0.330000 -2849884.575754 4656214.615439 3287190.942960 0.000000 0.000000 0.000000 1.000000
0.340000 -2849884.500504 4656214.640689 3287190.968210 0.000000 0.000000 0.000000 1.000000
0.350000 -2849884.424278 4656214.666914 3287190.994436 0.000000 0.000000 0.000000 1.000000
0.360000 -2849884.347076 4656214.694117 3287191.021638 0.000000 0.000000 0.000000 1.000000
0.370000 -2849884.268893 4656214.722300 3287191.049821 0.000000 0.000000 0.000000 1.000000
0.380000 -2849884.189729 4656214.751464 3287191.078985 0.000000 0.000000 0.000000 1.000000
0.390000 -2849884.109581 4656214.781612 3287191.109133 0.000000 0.000000 0.000000 1.000000
0.400000 -2849884.028448 4656214.812745 3287191.140266 0.000000 0.000000 0.000000 1.000000
0.410000 -2849883.946328 4656214.844864 3287191.172386 0.000000 0.000000 0.000000 1.000000
0.420000 -2849883.863221 4656214.877972 3287191.205493 0.000000 0.000000 0.000000 1.000000
0.430000 -2849883.779124 4656214.912069 3287191.239590 0.000000 0.000000 0.000000 1.000000
0.440000 -2849883.694036 4656214.947156 3287191.274678 0.000000 0.000000 0.000000 1.000000
0.450000 -2849883.607958 4656214.983235 3287191.310756 0.000000 0.000000 0.000000 1.000000
0.460000 -2849883.520887 4656215.020306 3287191.347827 0.000000 0.000000 0.000000 1.000000
0.470000 -2849883.432824 4656215.058369 3287191.385890 0.000000 0.000000 0.000000 1.000000
0.480000 -2849883.343766 4656215.097427 3287191.424948 0.000000 0.000000 0.000000 1.000000
0.490000 -2849883.253715 4656215.137478 3287191.464999 0.000000 0.000000 0.000000 1.000000
0.500000 -2849883.162668 4656215.178524 3287191.506046 0.000000 0.000000 0.000000 1.000000
0.510000 -2849883.070627 4656215.220566 3287191.548087 0.000000 0.000000 0.000000 1.000000
0.520000 -2849882.977589 4656215.263604 3287191.591125 0.000000 0.000000 0.000000 1.000000
0.530000 -2849882.883555 4656215.307638 3287191.635159 0.000000 0.000000 0.000000 1.000000
0.540000 -2849882.788525 4656215.352668 3287191.680189 0.000000 0.000000 0.000000 1.000000
0.550000 -2849882.692497 4656215.398695 3287191.726217 0.000000 0.000000 0.000000 1.000000
0.560000 -2849882.595473 4656215.445720 3287191.773241 0.000000 0.000000 0.000000 1.000000
0.570000 -2849882.497451 4656215.493742 3287191.821263 0.000000 0.000000 0.000000 1.000000
0.580000 -2849882.398431 4656215.542762 3287191.870283 0.000000 0.000000 0.000000 1.000000
0.590000 -2849882.298413 4656215.592780 3287191.920301 0.000000 0.000000 0.000000 1.000000
0.600000 -2849882.197396 4656215.643796 3287191.971318 0.000000 0.000000 0.000000 1.000000
0.610000 -2849882.095382 4656215.695811 3287192.023332 0.000000 0.000000 0.000000 1.000000
0.620000 -2849881.992369 4656215.748824 3287192.076345 0.000000 0.000000 0.000000 1.000000
0.630000 -2849881.888357 4656215.802836 3287192.130357 0.000000 0.000000 0.000000 1.000000
0.640000 -2849881.783346 4656215.857846 3287192.185368 0.000000 0.000000 0.000000 1.000000
0.650000 -2849881.677337 4656215.913856 3287192.241377 0.000000 0.000000 0.000000 1.000000
0.660000 -2849881.570328 4656215.970865 3287192.298386 0.000000 0.000000 0.000000 1.000000
0.670000 -2849881.462320 4656216.028872 3287192.356394 0.000000 0.000000 0.000000 1.000000
0.680000 -2849881.353314 4656216.087879 3287192.415400 0.000000 0.000000 0.000000 1.000000
0.690000 -2849881.243307 4656216.147886 3287192.475407 0.000000 0.000000 0.000000 1.000000
0.700000 -2849881.132302 4656216.208891 3287192.536412 0.000000 0.000000 0.000000 1.000000
0.710000 -2849881.020297 4656216.270896 3287192.598417 0.000000 0.000000 0.000000 1.000000
0.720000 -2849880.907292 4656216.333901 3287192.661422 0.000000 0.000000 0.000000 1.000000
0.730000 -2849880.793288 4656216.397905 3287192.725426 0.000000 0.000000 0.000000 1.000000
0.740000 -2849880.678284 4656216.462909 3287192.790430 0.000000 0.000000 0.000000 1.000000
0.750000 -2849880.562281 4656216.528912 3287192.856433 0.000000 0.000000 0.000000 1.000000
0.760000 -2849880.445278 4656216.595915 3287192.923436 0.000000 0.000000 0.000000 1.000000
0.770000 -2849880.327275 4656216.663918 3287192.991439 0.000000 0.000000 0.000000 1.000000
0.780000 -2849880.208273 4656216.732920 3287193.060441 0.000000 0.000000 0.000000 1.000000
0.790000 -2849880.088271 4656216.802922 3287193.130443 0.000000 0.000000 0.000000 1.000000
0.800000 -2849879.967269 4656216.873924 3287193.201445 0.000000 0.000000 0.000000 1.000000
0.810000 -2849879.845267 4656216.945926 3287193.273447 0.000000 0.000000 0.000000 1.000000
0.820000 -2849879.722265 4656217.018928 3287193.346449 0.000000 0.000000 0.000000 1.000000
0.830000 -2849879.598264 4656217.092929 3287193.420450 0.000000 0.000000 0.000000 1.000000
0.840000 -2849879.473262 4656217.167930 3287193.495452 0.000000 0.000000 0.000000 1.000000
0.850000 -2849879.347261 4656217.243931 3287193.571453 0.000000 0.000000 0.000000 1.000000
0.860000 -2849879.220260 4656217.320933 3287193.648454 0.000000 0.000000 0.000000 1.000000
0.870000 -2849879.092259 4656217.398933 3287193.726455 0.000000 0.000000 0.000000 1.000000
0.880000 -2849878.963258 4656217.477934 3287193.805456 0.000000 0.000000 0.000000 1.000000
0.890000 -2849878.833258 4656217.557935 3287193.885456 0.000000 0.000000 0.000000 1.000000
0.900000 -2849878.702257 4656217.638936 3287193.966457 0.000000 0.000000 0.000000 1.000000
0.910000 -2849878.570256 4656217.720936 3287194.048458 0.000000 0.000000 0.000000 1.000000
0.920000 -2849878.437256 4656217.803937 3287194.131458 0.000000 0.000000 0.000000 1.000000
0.930000 -2849878.303255 4656217.887937 3287194.215459 0.000000 0.000000 0.000000 1.000000
0.940000 -2849878.168255 4656217.972938 3287194.300459 0.000000 0.000000 0.000000 1.000000
0.950000 -2849878.032255 4656218.058938 3287194.386459 0.000000 0.000000 0.000000 1.000000
0.960000 -2849877.895254 4656218.145939 3287194.473460 0.000000 0.000000 0.000000 1.000000
0.970000 -2849877.757254 4656218.233939 3287194.561460 0.000000 0.000000 0.000000 1.000000
0.980000 -2849877.618254 4656218.322939 3287194.650460 0.000000 0.000000 0.000000 1.000000
0.990000 -2849877.478253 4656218.412940 3287194.740461 0.000000 0.000000 0.000000 1.000000
1.000000 -2849877.337253 4656218.503940 3287194.831461 0.000000 0.000000 0.000000 1.000000
1.010000 -2849877.195253 4656218.595940 3287194.923461 0.000000 0.000000 0.000000 1.000000
1.020000 -2849877.052253 4656218.688940 3287195.016461 0.000000 0.000000 0.000000 1.000000
1.030000 -2849876.908252 4656218.782940 3287195.110462 0.000000 0.000000 0.000000 1.000000
1.040000 -2849876.763252 4656218.877941 3287195.205462 0.000000 0.000000 0.000000 1.000000
1.050000 -2849876.617252 4656218.973941 3287195.301462 0.000000 0.000000 0.000000 1.000000
1.060000 -2849876.470252 4656219.070941 3287195.398462 0.000000 0.000000 0.000000 1.000000
1.070000 -2849876.322252 4656219.168941 3287195.496462 0.000000 0.000000 0.000000 1.000000
1.080000 -2849876.173252 4656219.267941 3287195.595462 0.000000 0.000000 0.000000 1.000000
1.090000 -2849876.023252 4656219.367941 3287195.695462 0.000000 0.000000 0.000000 1.000000
1.100000 -2849875.872252 4656219.468941 3287195.796462 0.000000 0.000000 0.000000 1.000000
1.110000 -2849875.720252 4656219.570941 3287195.898462 0.000000 0.000000 0.000000 1.000000
1.120000 -2849875.567251 4656219.673941 3287196.001463 0.000000 0.000000 0.000000 1.000000
1.130000 -2849875.413251 4656219.777941 3287196.105463 0.000000 0.000000 0.000000 1.000000
1.140000 -2849875.258251 4656219.882941 3287196.210463 0.000000 0.000000 0.000000 1.000000
1.150000 -2849875.102251 4656219.988941 3287196.316463 0.000000 0.000000 0.000000 1.000000
1.160000 -2849874.945251 4656220.095942 3287196.423463 0.000000 0.000000 0.000000 1.000000
1.170000 -2849874.787251 4656220.203942 3287196.531463 0.000000 0.000000 0.000000 1.000000
1.180000 -2849874.628251 4656220.312942 3287196.640463 0.000000 0.000000 0.000000 1.000000
1.190000 -2849874.468251 4656220.422942 3287196.750463 0.000000 0.000000 0.000000 1.000000
1.200000 -2849874.307251 4656220.533942 3287196.861463 0.000000 0.000000 0.000000 1.000000
1.210000 -2849874.145251 4656220.645942 3287196.973463 0.000000 0.000000 0.000000 1.000000
1.220000 -2849873.982251 4656220.758942 3287197.086463 0.000000 0.000000 0.000000 1.000000
1.230000 -2849873.818251 4656220.872942 3287197.200463 0.000000 0.000000 0.000000 1.000000
1.240000 -2849873.653251 4656220.987942 3287197.315463 0.000000 0.000000 0.000000 1.000000
1.250000 -2849873.487251 4656221.103942 3287197.431463 0.000000 0.000000 0.000000 1.000000
1.260000 -2849873.320251 4656221.220942 3287197.548463 0.000000 0.000000 0.000000 1.000000
1.270000 -2849873.152251 4656221.338942 3287197.666463 0.000000 0.000000 0.000000 1.000000
1.280000 -2849872.983251 4656221.457942 3287197.785463 0.000000 0.000000 0.000000 1.000000
1.290000 -2849872.813251 4656221.577942 3287197.905463 0.000000 0.000000 0.000000 1.000000
1.300000 -2849872.642251 4656221.698942 3287198.026463 0.000000 0.000000 0.000000 1.000000
1.310000 -2849872.470251 4656221.820942 3287198.148463 0.000000 0.000000 0.000000 1.000000
1.320000 -2849872.297251 4656221.943942 3287198.271463 0.000000 0.000000 0.000000 1.000000
1.330000 -2849872.123251 4656222.067942 3287198.395463 0.000000 0.000000 0.000000 1.000000
1.340000 -2849871.948251 4656222.192942 3287198.520463 0.000000 0.000000 0.000000 1.000000
1.350000 -2849871.772251 4656222.318942 3287198.646463 0.000000 0.000000 0.000000 1.000000
1.360000 -2849871.595251 4656222.445942 3287198.773463 0.000000 0.000000 0.000000 1.000000
1.370000 -2849871.417251 4656222.573942 3287198.901463 0.000000 0.000000 0.000000 1.000000
1.380000 -2849871.238251 4656222.702942 3287199.030463 0.000000 0.000000 0.000000 1.000000
1.390000 -2849871.058251 4656222.832942 3287199.160463 0.000000 0.000000 0.000000 1.000000
1.400000 -2849870.877251 4656222.963942 3287199.291463 0.000000 0.000000 0.000000 1.000000
1.410000 -2849870.695251 4656223.095942 3287199.423463 0.000000 0.000000 0.000000 1.000000
1.420000 -2849870.512251 4656223.228942 3287199.556463 0.000000 0.000000 0.000000 1.000000
1.430000 -2849870.328251 4656223.362942 3287199.690463 0.000000 0.000000 0.000000 1.000000
1.440000 -2849870.143251 4656223.497942 3287199.825463 0.000000 0.000000 0.000000 1.000000
1.450000 -2849869.957251 4656223.633942 3287199.961463 0.000000 0.000000 0.000000 1.000000
1.460000 -2849869.770251 4656223.770942 3287200.098463 0.000000 0.000000 0.000000 1.000000
1.470000 -2849869.582251 4656223.908942 3287200.236463 0.000000 0.000000 0.000000 1.000000
1.480000 -2849869.393251 4656224.047942 3287200.375463 0.000000 0.000000 0.000000 1.000000
1.490000 -2849869.203251 4656224.187942 3287200.515463 0.000000 0.000000 0.000000 1.000000
1.500000 -2849869.012251 4656224.328942 3287200.656463 0.000000 0.000000 0.000000 1.000000
1.510000 -2849868.820251 4656224.470942 3287200.798463 0.000000 0.000000 0.000000 1.000000
1.520000 -2849868.627251 4656224.613942 3287200.941463 0.000000 0.000000 0.000000 1.000000
1.530000 -2849868.433251 4656224.757942 3287201.085463 0.000000 0.000000 0.000000 1.000000
1.540000 -2849868.238251 4656224.902942 3287201.230463 0.000000 0.000000 0.000000 1.000000
1.550000 -2849868.042251 4656225.048942 3287201.376463 0.000000 0.000000 0.000000 1.000000
1.560000 -2849867.845251 4656225.195942 3287201.523463 0.000000 0.000000 0.000000 1.000000
1.570000 -2849867.647251 4656225.343942 3287201.671463 0.000000 0.000000 0.000000 1.000000
1.580000 -2849867.448251 4656225.492942 3287201.820463 0.000000 0.000000 0.000000 1.000000
1.590000 -2849867.248251 4656225.642942 3287201.970463 0.000000 0.000000 0.000000 1.000000
1.600000 -2849867.047251 4656225.793942 3287202.121463 0.000000 0.000000 0.000000 1.000000
1.610000 -2849866.845251 4656225.945942 3287202.273463 0.000000 0.000000 0.000000 1.000000
1.620000 -2849866.642251 4656226.098942 3287202.426463 0.000000 0.000000 0.000000 1.000000
1.630000 -2849866.438251 4656226.252942 3287202.580463 0.000000 0.000000 0.000000 1.000000
1.640000 -2849866.233251 4656226.407942 3287202.735463 0.000000 0.000000 0.000000 1.000000
1.650000 -2849866.027251 4656226.563942 3287202.891463 0.000000 0.000000 0.000000 1.000000
1.660000 -2849865.820251 4656226.720942 3287203.048463 0.000000 0.000000 0.000000 1.000000
1.670000 -2849865.612251 4656226.878942 3287203.206463 0.000000 0.000000 0.000000 1.000000
1.680000 -2849865.403251 4656227.037942 3287203.365463 0.000000 0.000000 0.000000 1.000000
1.690000 -2849865.193251 4656227.197942 3287203.525463 0.000000 0.000000 0.000000 1.000000
1.700000 -2849864.982251 4656227.358942 3287203.686463 0.000000 0.000000 0.000000 1.000000
1.710000 -2849864.770251 4656227.520942 3287203.848463 0.000000 0.000000 0.000000 1.000000
1.720000 -2849864.557251 4656227.683942 3287204.011463 0.000000 0.000000 0.000000 1.000000
1.730000 -2849864.343251 4656227.847942 3287204.175463 0.000000 0.000000 0.000000 1.000000
1.740000 -2849864.128251 4656228.012942 3287204.340463 0.000000 0.000000 0.000000 1.000000
1.750000 -2849863.912251 4656228.178942 3287204.506463 0.000000 0.000000 0.000000 1.000000
1.760000 -2849863.695251 4656228.345942 3287204.673463 0.000000 0.000000 0.000000 1.000000
1.770000 -2849863.477251 4656228.513942 3287204.841463 0.000000 0.000000 0.000000 1.000000
1.780000 -2849863.258251 4656228.682942 3287205.010463 0.000000 0.000000 0.000000 1.000000
1.790000 -2849863.038251 4656228.852942 3287205.180463 0.000000 0.000000 0.000000 1.000000
1.800000 -2849862.817251 4656229.023942 3287205.351463 0.000000 0.000000 0.000000 1.000000
1.810000 -2849862.595251 4656229.195942 3287205.523463 0.000000 0.000000 0.000000 1.000000
1.820000 -2849862.372251 4656229.368942 3287205.696463 0.000000 0.000000 0.000000 1.000000
1.830000 -2849862.148251 4656229.542942 3287205.870463 0.000000 0.000000 0.000000 1.000000
1.840000 -2849861.923251 4656229.717942 3287206.045463 0.000000 0.000000 0.000000 1.000000
1.850000 -2849861.697251 4656229.893942 3287206.221463 0.000000 0.000000 0.000000 1.000000
1.860000 -2849861.470251 4656230.070942 3287206.398463 0.000000 0.000000 0.000000 1.000000
1.870000 -2849861.242251 4656230.248942 3287206.576463 0.000000 0.000000 0.000000 1.000000
1.880000 -2849861.013251 4656230.427942 3287206.755463 0.000000 0.000000 0.000000 1.000000
1.890000 -2849860.783251 4656230.607942 3287206.935463 0.000000 0.000000 0.000000 1.000000
1.900000 -2849860.552251 4656230.788942 3287207.116463 0.000000 0.000000 0.000000 1.000000
1.910000 -2849860.320251 4656230.970942 3287207.298463 0.000000 0.000000 0.000000 1.000000
1.920000 -2849860.087251 4656231.153942 3287207.481463 0.000000 0.000000 0.000000 1.000000
1.930000 -2849859.853251 4656231.337942 3287207.665463 0.000000 0.000000 0.000000 1.000000
1.940000 -2849859.618251 4656231.522942 3287207.850463 0.000000 0.000000 0.000000 1.000000
1.950000 -2849859.382251 4656231.708942 3287208.036463 0.000000 0.000000 0.000000 1.000000
1.960000 -2849859.145251 4656231.895942 3287208.223463 0.000000 0.000000 0.000000 1.000000
1.970000 -2849858.907251 4656232.083942 3287208.411463 0.000000 0.000000 0.000000 1.000000
1.980000 -2849858.668251 4656232.272942 3287208.600463 0.000000 0.000000 0.000000 1.000000
1.990000 -2849858.428251 4656232.462942 3287208.790463 0.000000 0.000000 0.000000 1.000000
2.000000 -2849858.187251 4656232.653942 3287208.981463 0.000000 0.000000 0.000000 1.000000
2.010000 -2849857.945251 4656232.845942 3287209.173463 0.000000 0.000000 0.000000 1.000000
2.020000 -2849857.702251 4656233.038942 3287209.366463 0.000000 0.000000 0.000000 1.000000
2.030000 -2849857.458251 4656233.232942 3287209.560463 0.000000 0.000000 0.000000 1.000000
2.040000 -2849857.213251 4656233.427942 3287209.755463 0.000000 0.000000 0.000000 1.000000
2.050000 -2849856.967251 4656233.623942 3287209.951463 0.000000 0.000000 0.000000 1.000000
2.060000 -2849856.720251 4656233.820942 3287210.148463 0.000000 0.000000 0.000000 1.000000
2.070000 -2849856.472251 4656234.018942 3287210.346463 0.000000 0.000000 0.000000 1.000000
2.080000 -2849856.223251 4656234.217942 3287210.545463 0.000000 0.000000 0.000000 1.000000
2.090000 -2849855.973251 4656234.417942 3287210.745463 0.000000 0.000000 0.000000 1.000000
2.100000 -2849855.722251 4656234.618942 3287210.946463 0.000000 0.000000 0.000000 1.000000
2.110000 -2849855.470251 4656234.820942 3287211.148463 0.000000 0.000000 0.000000 1.000000
2.120000 -2849855.217251 4656235.023942 3287211.351463 0.000000 0.000000 0.000000 1.000000
2.130000 -2849854.963251 4656235.227942 3287211.555463 0.000000 0.000000 0.000000 1.000000
2.140000 -2849854.708251 4656235.432942 3287211.760463 0.000000 0.000000 0.000000 1.000000
2.150000 -2849854.452251 4656235.638942 3287211.966463 0.000000 0.000000 0.000000 1.000000
2.160000 -2849854.195251 4656235.845942 3287212.173463 0.000000 0.000000 0.000000 1.000000
2.170000 -2849853.937251 4656236.053942 3287212.381463 0.000000 0.000000 0.000000 1.000000
2.180000 -2849853.678251 4656236.262942 3287212.590463 0.000000 0.000000 0.000000 1.000000
2.190000 -2849853.418251 4656236.472942 3287212.800463 0.000000 0.000000 0.000000 1.000000
2.200000 -2849853.157251 4656236.683942 3287213.011463 0.000000 0.000000 0.000000 1.000000
2.210000 -2849852.895251 4656236.895942 3287213.223463 0.000000 0.000000 0.000000 1.000000
2.220000 -2849852.632251 4656237.108942 3287213.436463 0.000000 0.000000 0.000000 1.000000
2.230000 -2849852.368251 4656237.322942 3287213.650463 0.000000 0.000000 0.000000 1.000000
2.240000 -2849852.103251 4656237.537942 3287213.865463 0.000000 0.000000 0.000000 1.000000
2.250000 -2849851.837251 4656237.753942 3287214.081463 0.000000 0.000000 0.000000 1.000000
2.260000 -2849851.570251 4656237.970942 3287214.298463 0.000000 0.000000 0.000000 1.000000
2.270000 -2849851.302251 4656238.188942 3287214.516463 0.000000 0.000000 0.000000 1.000000
2.280000 -2849851.033251 4656238.407942 3287214.735463 0.000000 0.000000 0.000000 1.000000
2.290000 -2849850.763251 4656238.627942 3287214.955463 0.000000 0.000000 0.000000 1.000000
2.300000 -2849850.492251 4656238.848942 3287215.176463 0.000000 0.000000 0.000000 1.000000
2.310000 -2849850.220251 4656239.070942 3287215.398463 0.000000 0.000000 0.000000 1.000000
2.320000 -2849849.947251 4656239.293942 3287215.621463 0.000000 0.000000 0.000000 1.000000
2.330000 -2849849.673251 4656239.517942 3287215.845463 0.000000 0.000000 0.000000 1.000000
2.340000 -2849849.398251 4656239.742942 3287216.070463 0.000000 0.000000 0.000000 1.000000
2.350000 -2849849.122251 4656239.968942 3287216.296463 0.000000 0.000000 0.000000 1.000000
2.360000 -2849848.845251 4656240.195942 3287216.523463 0.000000 0.000000 0.000000 1.000000
2.370000 -2849848.567251 4656240.423942 3287216.751463 0.000000 0.000000 0.000000 1.000000
2.380000 -2849848.288251 4656240.652942 3287216.980463 0.000000 0.000000 0.000000 1.000000
2.390000 -2849848.008251 4656240.882942 3287217.210463 0.000000 0.000000 0.000000 1.000000
2.400000 -2849847.727251 4656241.113942 3287217.441463 0.000000 0.000000 0.000000 1.000000
2.410000 -2849847.445251 4656241.345942 3287217.673463 0.000000 0.000000 0.000000 1.000000
2.420000 -2849847.162251 4656241.578942 3287217.906463 0.000000 0.000000 0.000000 1.000000
2.430000 -2849846.878251 4656241.812942 3287218.140463 0.000000 0.000000 0.000000 1.000000
2.440000 -2849846.593251 4656242.047942 3287218.375463 0.000000 0.000000 0.000000 1.000000
2.450000 -2849846.307251 4656242.283942 3287218.611463 0.000000 0.000000 0.000000 1.000000
2.460000 -2849846.020251 4656242.520942 3287218.848463 0.000000 0.000000 0.000000 1.000000
2.470000 -2849845.732251 4656242.758942 3287219.086463 0.000000 0.000000 0.000000 1.000000
2.480000 -2849845.443251 4656242.997942 3287219.325463 0.000000 0.000000 0.000000 1.000000
2.490000 -2849845.153251 4656243.237942 3287219.565463 0.000000 0.000000 0.000000 1.000000
2.500000 -2849844.862251 4656243.478942 3287219.806463 0.000000 0.000000 0.000000 1.000000
2.510000 -2849844.570251 4656243.720942 3287220.048463 0.000000 0.000000 0.000000 1.000000
2.520000 -2849844.277251 4656243.963942 3287220.291463 0.000000 0.000000 0.000000 1.000000
2.530000 -2849843.983251 4656244.207942 3287220.535463 0.000000 0.000000 0.000000 1.000000
2.540000 -2849843.688251 4656244.452942 3287220.780463 0.000000 0.000000 0.000000 1.000000
2.550000 -2849843.392251 4656244.698942 3287221.026463 0.000000 0.000000 0.000000 1.000000
2.560000 -2849843.095251 4656244.945942 3287221.273463 0.000000 0.000000 0.000000 1.000000
2.570000 -2849842.797251 4656245.193942 3287221.521463 0.000000 0.000000 0.000000 1.000000
2.580000 -2849842.498251 4656245.442942 3287221.770463 0.000000 0.000000 0.000000 1.000000
2.590000 -2849842.198251 4656245.692942 3287222.020463 0.000000 0.000000 0.000000 1.000000
2.600000 -2849841.897251 4656245.943942 3287222.271463 0.000000 0.000000 0.000000 1.000000
2.610000 -2849841.595251 4656246.195942 3287222.523463 0.000000 0.000000 0.000000 1.000000
2.620000 -2849841.292251 4656246.448942 3287222.776463 0.000000 0.000000 0.000000 1.000000
2.630000 -2849840.988251 4656246.702942 3287223.030463 0.000000 0.000000 0.000000 1.000000
2.640000 -2849840.683251 4656246.957942 3287223.285463 0.000000 0.000000 0.000000 1.000000
2.650000 -2849840.377251 4656247.213942 3287223.541463 0.000000 0.000000 0.000000 1.000000
2.660000 -2849840.070251 4656247.470942 3287223.798463 0.000000 0.000000 0.000000 1.000000
2.670000 -2849839.762251 4656247.728942 3287224.056463 0.000000 0.000000 0.000000 1.000000
2.680000 -2849839.453251 4656247.987942 3287224.315463 0.000000 0.000000 0.000000 1.000000
2.690000 -2849839.143251 4656248.247942 3287224.575463 0.000000 0.000000 0.000000 1.000000
2.700000 -2849838.832251 4656248.508942 3287224.836463 0.000000 0.000000 0.000000 1.000000
2.710000 -2849838.520251 4656248.770942 3287225.098463 0.000000 0.000000 0.000000 1.000000
2.720000 -2849838.207251 4656249.033942 3287225.361463 0.000000 0.000000 0.000000 1.000000
2.730000 -2849837.893251 4656249.297942 3287225.625463 0.000000 0.000000 0.000000 1.000000
2.740000 -2849837.578251 4656249.562942 3287225.890463 0.000000 0.000000 0.000000 1.000000
2.750000 -2849837.262251 4656249.828942 3287226.156463 0.000000 0.000000 0.000000 1.000000
2.760000 -2849836.945251 4656250.095942 3287226.423463 0.000000 0.000000 0.000000 1.000000
2.770000 -2849836.627251 4656250.363942 3287226.691463 0.000000 0.000000 0.000000 1.000000
2.780000 -2849836.308251 4656250.632942 3287226.960463 0.000000 0.000000 0.000000 1.000000
2.790000 -2849835.988251 4656250.902942 3287227.230463 0.000000 0.000000 0.000000 1.000000
2.800000 -2849835.667251 4656251.173942 3287227.501463 0.000000 0.000000 0.000000 1.000000
2.810000 -2849835.345251 4656251.445942 3287227.773463 0.000000 0.000000 0.000000 1.000000
2.820000 -2849835.022251 4656251.718942 3287228.046463 0.000000 0.000000 0.000000 1.000000
2.830000 -2849834.698251 4656251.992942 3287228.320463 0.000000 0.000000 0.000000 1.000000
2.840000 -2849834.373251 4656252.267942 3287228.595463 0.000000 0.000000 0.000000 1.000000
2.850000 -2849834.047251 4656252.543942 3287228.871463 0.000000 0.000000 0.000000 1.000000
2.860000 -2849833.720251 4656252.820942 3287229.148463 0.000000 0.000000 0.000000 1.000000
2.870000 -2849833.392251 4656253.098942 3287229.426463 0.000000 0.000000 0.000000 1.000000
2.880000 -2849833.063251 4656253.377942 3287229.705463 0.000000 0.000000 0.000000 1.000000
2.890000 -2849832.733251 4656253.657942 3287229.985463 0.000000 0.000000 0.000000 1.000000
2.900000 -2849832.402251 4656253.938942 3287230.266463 0.000000 0.000000 0.000000 1.000000
2.910000 -2849832.070251 4656254.220942 3287230.548463 0.000000 0.000000 0.000000 1.000000
2.920000 -2849831.737251 4656254.503942 3287230.831463 0.000000 0.000000 0.000000 1.000000
2.930000 -2849831.403251 4656254.787942 3287231.115463 0.000000 0.000000 0.000000 1.000000
2.940000 -2849831.068251 4656255.072942 3287231.400463 0.000000 0.000000 0.000000 1.000000
2.950000 -2849830.732251 4656255.358942 3287231.686463 0.000000 0.000000 0.000000 1.000000
2.960000 -2849830.395251 4656255.645942 3287231.973463 0.000000 0.000000 0.000000 1.000000
2.970000 -2849830.057251 4656255.933942 3287232.261463 0.000000 0.000000 0.000000 1.000000
2.980000 -2849829.718251 4656256.222942 3287232.550463 0.000000 0.000000 0.000000 1.000000
2.990000 -2849829.378251 4656256.512942 3287232.840463 0.000000 0.000000 0.000000 1.000000
3.000000 -2849829.037251 4656256.803942 3287233.131463 0.000000 0.000000 0.000000 1.000000
3.010000 -2849828.695251 4656257.095942 3287233.423463 0.000000 0.000000 0.000000 1.000000
3.020000 -2849828.352251 4656257.388942 3287233.716463 0.000000 0.000000 0.000000 1.000000
3.030000 -2849828.008251 4656257.682942 3287234.010463 0.000000 0.000000 0.000000 1.000000
3.040000 -2849827.663251 4656257.977942 3287234.305463 0.000000 0.000000 0.000000 1.000000
3.050000 -2849827.317251 4656258.273942 3287234.601463 0.000000 0.000000 0.000000 1.000000
3.060000 -2849826.970251 4656258.570942 3287234.898463 0.000000 0.000000 0.000000 1.000000
3.070000 -2849826.622251 4656258.868942 3287235.196463 0.000000 0.000000 0.000000 1.000000
3.080000 -2849826.273251 4656259.167942 3287235.495463 0.000000 0.000000 0.000000 1.000000
3.090000 -2849825.923251 4656259.467942 3287235.795463 0.000000 0.000000 0.000000 1.000000
3.100000 -2849825.572251 4656259.768942 3287236.096463 0.000000 0.000000 0.000000 1.000000
3.110000 -2849825.220251 4656260.070942 3287236.398463 0.000000 0.000000 0.000000 1.000000
3.120000 -2849824.867251 4656260.373942 3287236.701463 0.000000 0.000000 0.000000 1.000000
3.130000 -2849824.513251 4656260.677942 3287237.005463 0.000000 0.000000 0.000000 1.000000
3.140000 -2849824.158251 4656260.982942 3287237.310463 0.000000 0.000000 0.000000 1.000000
3.150000 -2849823.802251 4656261.288942 3287237.616463 0.000000 0.000000 0.000000 1.000000
3.160000 -2849823.445251 4656261.595942 3287237.923463 0.000000 0.000000 0.000000 1.000000
3.170000 -2849823.087251 4656261.903942 3287238.231463 0.000000 0.000000 0.000000 1.000000
3.180000 -2849822.728251 4656262.212942 3287238.540463 0.000000 0.000000 0.000000 1.000000
3.190000 -2849822.368251 4656262.522942 3287238.850463 0.000000 0.000000 0.000000 1.000000
3.200000 -2849822.007251 4656262.833942 3287239.161463 0.000000 0.000000 0.000000 1.000000
3.210000 -2849821.645251 4656263.145942 3287239.473463 0.000000 0.000000 0.000000 1.000000
3.220000 -2849821.282251 4656263.458942 3287239.786463 0.000000 0.000000 0.000000 1.000000
3.230000 -2849820.918251 4656263.772942 3287240.100463 0.000000 0.000000 0.000000 1.000000
3.240000 -2849820.553251 4656264.087942 3287240.415463 0.000000 0.000000 0.000000 1.000000
3.250000 -2849820.187251 4656264.403942 3287240.731463 0.000000 0.000000 0.000000 1.000000
3.260000 -2849819.820251 4656264.720942 3287241.048463 0.000000 0.000000 0.000000 1.000000
3.270000 -2849819.452251 4656265.038942 3287241.366463 0.000000 0.000000 0.000000 1.000000
3.280000 -2849819.083251 4656265.357942 3287241.685463 0.000000 0.000000 0.000000 1.000000
3.290000 -2849818.713251 4656265.677942 3287242.005463 0.000000 0.000000 0.000000 1.000000
3.300000 -2849818.342251 4656265.998942 3287242.326463 0.000000 0.000000 0.000000 1.000000
3.310000 -2849817.970251 4656266.320942 3287242.648463 0.000000 0.000000 0.000000 1.000000
3.320000 -2849817.597251 4656266.643942 3287242.971463 0.000000 0.000000 0.000000 1.000000
3.330000 -2849817.223251 4656266.967942 3287243.295463 0.000000 0.000000 0.000000 1.000000
3.340000 -2849816.848251 4656267.292942 3287243.620463 0.000000 0.000000 0.000000 1.000000
3.350000 -2849816.472251 4656267.618942 3287243.946463 0.000000 0.000000 0.000000 1.000000
3.360000 -2849816.095251 4656267.945942 3287244.273463 0.000000 0.000000 0.000000 1.000000
3.370000 -2849815.717251 4656268.273942 3287244.601463 0.000000 0.000000 0.000000 1.000000
3.380000 -2849815.338251 4656268.602942 3287244.930463 0.000000 0.000000 0.000000 1.000000
3.390000 -2849814.958251 4656268.932942 3287245.260463 0.000000 0.000000 0.000000 1.000000
3.400000 -2849814.577251 4656269.263942 3287245.591463 0.000000 0.000000 0.000000 1.000000
3.410000 -2849814.195251 4656269.595942 3287245.923463 0.000000 0.000000 0.000000 1.000000
3.420000 -2849813.812251 4656269.928942 3287246.256463 0.000000 0.000000 0.000000 1.000000
3.430000 -2849813.428251 4656270.262942 3287246.590463 0.000000 0.000000 0.000000 1.000000
3.440000 -2849813.043251 4656270.597942 3287246.925463 0.000000 0.000000 0.000000 1.000000
3.450000 -2849812.657251 4656270.933942 3287247.261463 0.000000 0.000000 0.000000 1.000000
3.460000 -2849812.270251 4656271.270942 3287247.598463 0.000000 0.000000 0.000000 1.000000
3.470000 -2849811.882251 4656271.608942 3287247.936463 0.000000 0.000000 0.000000 1.000000
3.480000 -2849811.493251 4656271.947942 3287248.275463 0.000000 0.000000 0.000000 1.000000
3.490000 -2849811.103251 4656272.287942 3287248.615463 0.000000 0.000000 0.000000 1.000000
3.500000 -2849810.712251 4656272.628942 3287248.956463 0.000000 0.000000 0.000000 1.000000
3.510000 -2849810.320251 4656272.970942 3287249.298463 0.000000 0.000000 0.000000 1.000000
3.520000 -2849809.927251 4656273.313942 3287249.641463 0.000000 0.000000 0.000000 1.000000
3.530000 -2849809.533251 4656273.657942 3287249.985463 0.000000 0.000000 0.000000 1.000000
3.540000 -2849809.138251 4656274.002942 3287250.330463 0.000000 0.000000 0.000000 1.000000
3.550000 -2849808.742251 4656274.348942 3287250.676463 0.000000 0.000000 0.000000 1.000000
3.560000 -2849808.345251 4656274.695942 3287251.023463 0.000000 0.000000 0.000000 1.000000
3.570000 -2849807.947251 4656275.043942 3287251.371463 0.000000 0.000000 0.000000 1.000000
3.580000 -2849807.548251 4656275.392942 3287251.720463 0.000000 0.000000 0.000000 1.000000
3.590000 -2849807.148251 4656275.742942 3287252.070463 0.000000 0.000000 0.000000 1.000000
3.600000 -2849806.747251 4656276.093942 3287252.421463 0.000000 0.000000 0.000000 1.000000
3.610000 -2849806.345251 4656276.445942 3287252.773463 0.000000 0.000000 0.000000 1.000000
3.620000 -2849805.942251 4656276.798942 3287253.126463 0.000000 0.000000 0.000000 1.000000
3.630000 -2849805.538251 4656277.152942 3287253.480463 0.000000 0.000000 0.000000 1.000000
3.640000 -2849805.133251 4656277.507942 3287253.835463 0.000000 0.000000 0.000000 1.000000
3.650000 -2849804.727251 4656277.863942 3287254.191463 0.000000 0.000000 0.000000 1.000000
3.660000 -2849804.320251 4656278.220942 3287254.548463 0.000000 0.000000 0.000000 1.000000
3.670000 -2849803.912251 4656278.578942 3287254.906463 0.000000 0.000000 0.000000 1.000000
3.680000 -2849803.503251 4656278.937942 3287255.265463 0.000000 0.000000 0.000000 1.000000
3.690000 -2849803.093251 4656279.297942 3287255.625463 0.000000 0.000000 0.000000 1.000000
3.700000 -2849802.682251 4656279.658942 3287255.986463 0.000000 0.000000 0.000000 1.000000
3.710000 -2849802.270251 4656280.020942 3287256.348463 0.000000 0.000000 0.000000 1.000000
3.720000 -2849801.857251 4656280.383942 3287256.711463 0.000000 0.000000 0.000000 1.000000
3.730000 -2849801.443251 4656280.747942 3287257.075463 0.000000 0.000000 0.000000 1.000000
3.740000 -2849801.028251 4656281.112942 3287257.440463 0.000000 0.000000 0.000000 1.000000
3.750000 -2849800.612251 4656281.478942 3287257.806463 0.000000 0.000000 0.000000 1.000000
3.760000 -2849800.195251 4656281.845942 3287258.173463 0.000000 0.000000 0.000000 1.000000
3.770000 -2849799.777251 4656282.213942 3287258.541463 0.000000 0.000000 0.000000 1.000000
3.780000 -2849799.358251 4656282.582942 3287258.910463 0.000000 0.000000 0.000000 1.000000
3.790000 -2849798.938251 4656282.952942 3287259.280463 0.000000 0.000000 0.000000 1.000000
3.800000 -2849798.517251 4656283.323942 3287259.651463 0.000000 0.000000 0.000000 1.000000
3.810000 -2849798.095251 4656283.695942 3287260.023463 0.000000 0.000000 0.000000 1.000000
3.820000 -2849797.672251 4656284.068942 3287260.396463 0.000000 0.000000 0.000000 1.000000
3.830000 -2849797.248251 4656284.442942 3287260.770463 0.000000 0.000000 0.000000 1.000000
3.840000 -2849796.823251 4656284.817942 3287261.145463 0.000000 0.000000 0.000000 1.000000
3.850000 -2849796.397251 4656285.193942 3287261.521463 0.000000 0.000000 0.000000 1.000000
3.860000 -2849795.970251 4656285.570942 3287261.898463 0.000000 0.000000 0.000000 1.000000
3.870000 -2849795.542251 4656285.948942 3287262.276463 0.000000 0.000000 0.000000 1.000000
3.880000 -2849795.113251 4656286.327942 3287262.655463 0.000000 0.000000 0.000000 1.000000
3.890000 -2849794.683251 4656286.707942 3287263.035463 0.000000 0.000000 0.000000 1.000000
3.900000 -2849794.252251 4656287.088942 3287263.416463 0.000000 0.000000 0.000000 1.000000
3.910000 -2849793.820251 4656287.470942 3287263.798463 0.000000 0.000000 0.000000 1.000000
3.920000 -2849793.387251 4656287.853942 3287264.181463 0.000000 0.000000 0.000000 1.000000
3.930000 -2849792.953251 4656288.237942 3287264.565463 0.000000 0.000000 0.000000 1.000000
3.940000 -2849792.518251 4656288.622942 3287264.950463 0.000000 0.000000 0.000000 1.000000
3.950000 -2849792.082251 4656289.008942 3287265.336463 0.000000 0.000000 0.000000 1.000000
3.960000 -2849791.645251 4656289.395942 3287265.723463 0.000000 0.000000 0.000000 1.000000
3.970000 -2849791.207251 4656289.783942 3287266.111463 0.000000 0.000000 0.000000 1.000000
3.980000 -2849790.768251 4656290.172942 3287266.500463 0.000000 0.000000 0.000000 1.000000
3.990000 -2849790.328251 4656290.562942 3287266.890463 0.000000 0.000000 0.000000 1.000000
4.000000 -2849789.887251 4656290.953942 3287267.281463 0.000000 0.000000 0.000000 1.000000
4.010000 -2849789.445251 4656291.345942 3287267.673463 0.000000 0.000000 0.000000 1.000000
4.020000 -2849789.002251 4656291.738942 3287268.066463 0.000000 0.000000 0.000000 1.000000
4.030000 -2849788.558251 4656292.132942 3287268.460463 0.000000 0.000000 0.000000 1.000000
4.040000 -2849788.113251 4656292.527942 3287268.855463 0.000000 0.000000 0.000000 1.000000
4.050000 -2849787.667251 4656292.923942 3287269.251463 0.000000 0.000000 0.000000 1.000000
4.060000 -2849787.220251 4656293.320942 3287269.648463 0.000000 0.000000 0.000000 1.000000
4.070000 -2849786.772251 4656293.718942 3287270.046463 0.000000 0.000000 0.000000 1.000000
4.080000 -2849786.323251 4656294.117942 3287270.445463 0.000000 0.000000 0.000000 1.000000
4.090000 -2849785.873251 4656294.517942 3287270.845463 0.000000 0.000000 0.000000 1.000000
4.100000 -2849785.422251 4656294.918942 3287271.246463 0.000000 0.000000 0.000000 1.000000
4.110000 -2849784.970251 4656295.320942 3287271.648463 0.000000 0.000000 0.000000 1.000000
4.120000 -2849784.517251 4656295.723942 3287272.051463 0.000000 0.000000 0.000000 1.000000
4.130000 -2849784.063251 4656296.127942 3287272.455463 0.000000 0.000000 0.000000 1.000000
4.140000 -2849783.608251 4656296.532942 3287272.860463 0.000000 0.000000 0.000000 1.000000
4.150000 -2849783.152251 4656296.938942 3287273.266463 0.000000 0.000000 0.000000 1.000000
4.160000 -2849782.695251 4656297.345942 3287273.673463 0.000000 0.000000 0.000000 1.000000
4.170000 -2849782.237251 4656297.753942 3287274.081463 0.000000 0.000000 0.000000 1.000000
4.180000 -2849781.778251 4656298.162942 3287274.490463 0.000000 0.000000 0.000000 1.000000
4.190000 -2849781.318251 4656298.572942 3287274.900463 0.000000 0.000000 0.000000 1.000000
4.200000 -2849780.857251 4656298.983942 3287275.311463 0.000000 0.000000 0.000000 1.000000
4.210000 -2849780.395251 4656299.395942 3287275.723463 0.000000 0.000000 0.000000 1.000000
4.220000 -2849779.932251 4656299.808942 3287276.136463 0.000000 0.000000 0.000000 1.000000
4.230000 -2849779.468251 4656300.222942 3287276.550463 0.000000 0.000000 0.000000 1.000000
4.240000 -2849779.003251 4656300.637942 3287276.965463 0.000000 0.000000 0.000000 1.000000
4.250000 -2849778.537251 4656301.053942 3287277.381463 0.000000 0.000000 0.000000 1.000000
4.260000 -2849778.070251 4656301.470942 3287277.798463 0.000000 0.000000 0.000000 1.000000
4.270000 -2849777.602251 4656301.888942 3287278.216463 0.000000 0.000000 0.000000 1.000000
4.280000 -2849777.133251 4656302.307942 3287278.635463 0.000000 0.000000 0.000000 1.000000
4.290000 -2849776.663251 4656302.727942 3287279.055463 0.000000 0.000000 0.000000 1.000000
4.300000 -2849776.192251 4656303.148942 3287279.476463 0.000000 0.000000 0.000000 1.000000
4.310000 -2849775.720251 4656303.570942 3287279.898463 0.000000 0.000000 0.000000 1.000000
4.320000 -2849775.247251 4656303.993942 3287280.321463 0.000000 0.000000 0.000000 1.000000
4.330000 -2849774.773251 4656304.417942 3287280.745463 0.000000 0.000000 0.000000 1.000000
4.340000 -2849774.298251 4656304.842942 3287281.170463 0.000000 0.000000 0.000000 1.000000
4.350000 -2849773.822251 4656305.268942 3287281.596463 0.000000 0.000000 0.000000 1.000000
4.360000 -2849773.345251 4656305.695942 3287282.023463 0.000000 0.000000 0.000000 1.000000
4.370000 -2849772.867251 4656306.123942 3287282.451463 0.000000 0.000000 0.000000 1.000000
4.380000 -2849772.388251 4656306.552942 3287282.880463 0.000000 0.000000 0.000000 1.000000
4.390000 -2849771.908251 4656306.982942 3287283.310463 0.000000 0.000000 0.000000 1.000000
4.400000 -2849771.427251 4656307.413942 3287283.741463 0.000000 0.000000 0.000000 1.000000
4.410000 -2849770.945251 4656307.845942 3287284.173463 0.000000 0.000000 0.000000 1.000000
4.420000 -2849770.462251 4656308.278942 3287284.606463 0.000000 0.000000 0.000000 1.000000
4.430000 -2849769.978251 4656308.712942 3287285.040463 0.000000 0.000000 0.000000 1.000000
4.440000 -2849769.493251 4656309.147942 3287285.475463 0.000000 0.000000 0.000000 1.000000
4.450000 -2849769.007251 4656309.583942 3287285.911463 0.000000 0.000000 0.000000 1.000000
4.460000 -2849768.520251 4656310.020942 3287286.348463 0.000000 0.000000 0.000000 1.000000
4.470000 -2849768.032251 4656310.458942 3287286.786463 0.000000 0.000000 0.000000 1.000000
4.480000 -2849767.543251 4656310.897942 3287287.225463 0.000000 0.000000 0.000000 1.000000
4.490000 -2849767.053251 4656311.337942 3287287.665463 0.000000 0.000000 0.000000 1.000000
4.500000 -2849766.562251 4656311.778942 3287288.106463 0.000000 0.000000 0.000000 1.000000
4.510000 -2849766.070251 4656312.220942 3287288.548463 0.000000 0.000000 0.000000 1.000000
4.520000 -2849765.577251 4656312.663942 3287288.991463 0.000000 0.000000 0.000000 1.000000
4.530000 -2849765.083251 4656313.107942 3287289.435463 0.000000 0.000000 0.000000 1.000000
4.540000 -2849764.588251 4656313.552942 3287289.880463 0.000000 0.000000 0.000000 1.000000
4.550000 -2849764.092251 4656313.998942 3287290.326463 0.000000 0.000000 0.000000 1.000000
4.560000 -2849763.595251 4656314.445942 3287290.773463 0.000000 0.000000 0.000000 1.000000
4.570000 -2849763.097251 4656314.893942 3287291.221463 0.000000 0.000000 0.000000 1.000000
4.580000 -2849762.598251 4656315.342942 3287291.670463 0.000000 0.000000 0.000000 1.000000
4.590000 -2849762.098251 4656315.792942 3287292.120463 0.000000 0.000000 0.000000 1.000000
4.600000 -2849761.597251 4656316.243942 3287292.571463 0.000000 0.000000 0.000000 1.000000
4.610000 -2849761.095251 4656316.695942 3287293.023463 0.000000 0.000000 0.000000 1.000000
4.620000 -2849760.592251 4656317.148942 3287293.476463 0.000000 0.000000 0.000000 1.000000
4.630000 -2849760.088251 4656317.602942 3287293.930463 0.000000 0.000000 0.000000 1.000000
4.640000 -2849759.583251 4656318.057942 3287294.385463 0.000000 0.000000 0.000000 1.000000
4.650000 -2849759.077251 4656318.513942 3287294.841463 0.000000 0.000000 0.000000 1.000000
4.660000 -2849758.570251 4656318.970942 3287295.298463 0.000000 0.000000 0.000000 1.000000
4.670000 -2849758.062251 4656319.428942 3287295.756463 0.000000 0.000000 0.000000 1.000000
4.680000 -2849757.553251 4656319.887942 3287296.215463 0.000000 0.000000 0.000000 1.000000
4.690000 -2849757.043251 4656320.347942 3287296.675463 0.000000 0.000000 0.000000 1.000000
4.700000 -2849756.532251 4656320.808942 3287297.136463 0.000000 0.000000 0.000000 1.000000
4.710000 -2849756.020251 4656321.270942 3287297.598463 0.000000 0.000000 0.000000 1.000000
4.720000 -2849755.507251 4656321.733942 3287298.061463 0.000000 0.000000 0.000000 1.000000
4.730000 -2849754.993251 4656322.197942 3287298.525463 0.000000 0.000000 0.000000 1.000000
4.740000 -2849754.478251 4656322.662942 3287298.990463 0.000000 0.000000 0.000000 1.000000
4.750000 -2849753.962251 4656323.128942 3287299.456463 0.000000 0.000000 0.000000 1.000000
4.760000 -2849753.445251 4656323.595942 3287299.923463 0.000000 0.000000 0.000000 1.000000
4.770000 -2849752.927251 4656324.063942 3287300.391463 0.000000 0.000000 0.000000 1.000000
4.780000 -2849752.408251 4656324.532942 3287300.860463 0.000000 0.000000 0.000000 1.000000
4.790000 -2849751.888251 4656325.002942 3287301.330463 0.000000 0.000000 0.000000 1.000000
4.800000 -2849751.367251 4656325.473942 3287301.801463 0.000000 0.000000 0.000000 1.000000
4.810000 -2849750.845251 4656325.945942 3287302.273463 0.000000 0.000000 0.000000 1.000000
4.820000 -2849750.322251 4656326.418942 3287302.746463 0.000000 0.000000 0.000000 1.000000
4.830000 -2849749.798251 4656326.892942 3287303.220463 0.000000 0.000000 0.000000 1.000000
4.840000 -2849749.273251 4656327.367942 3287303.695463 0.000000 0.000000 0.000000 1.000000
4.850000 -2849748.747251 4656327.843942 3287304.171463 0.000000 0.000000 0.000000 1.000000
4.860000 -2849748.220251 4656328.320942 3287304.648463 0.000000 0.000000 0.000000 1.000000
4.870000 -2849747.692251 4656328.798942 3287305.126463 0.000000 0.000000 0.000000 1.000000
4.880000 -2849747.163251 4656329.277942 3287305.605463 0.000000 0.000000 0.000000 1.000000
4.890000 -2849746.633251 4656329.757942 3287306.085463 0.000000 0.000000 0.000000 1.000000
4.900000 -2849746.102251 4656330.238942 3287306.566463 0.000000 0.000000 0.000000 1.000000
4.910000 -2849745.570251 4656330.720942 3287307.048463 0.000000 0.000000 0.000000 1.000000
4.920000 -2849745.037251 4656331.203942 3287307.531463 0.000000 0.000000 0.000000 1.000000
4.930000 -2849744.503251 4656331.687942 3287308.015463 0.000000 0.000000 0.000000 1.000000
4.940000 -2849743.968251 4656332.172942 3287308.500463 0.000000 0.000000 0.000000 1.000000
4.950000 -2849743.432251 4656332.658942 3287308.986463 0.000000 0.000000 0.000000 1.000000
4.960000 -2849742.895251 4656333.145942 3287309.473463 0.000000 0.000000 0.000000 1.000000
4.970000 -2849742.357251 4656333.633942 3287309.961463 0.000000 0.000000 0.000000 1.000000
4.980000 -2849741.818251 4656334.122942 3287310.450463 0.000000 0.000000 0.000000 1.000000
4.990000 -2849741.278251 4656334.612942 3287310.940463 0.000000 0.000000 0.000000 1.000000
5.000000 -2849740.737251 4656335.103942 3287311.431463 0.000000 0.000000 0.000000 1.000000
5.010000 -2849740.195251 4656335.595942 3287311.923463 0.000000 0.000000 0.000000 1.000000
5.020000 -2849739.652251 4656336.088942 3287312.416463 0.000000 0.000000 0.000000 1.000000
5.030000 -2849739.108251 4656336.582942 3287312.910463 0.000000 0.000000 0.000000 1.000000
5.040000 -2849738.563251 4656337.077942 3287313.405463 0.000000 0.000000 0.000000 1.000000
5.050000 -2849738.017251 4656337.573942 3287313.901463 0.000000 0.000000 0.000000 1.000000
5.060000 -2849737.470251 4656338.070942 3287314.398463 0.000000 0.000000 0.000000 1.000000
5.070000 -2849736.922251 4656338.568942 3287314.896463 0.000000 0.000000 0.000000 1.000000
5.080000 -2849736.373251 4656339.067942 3287315.395463 0.000000 0.000000 0.000000 1.000000
5.090000 -2849735.823251 4656339.567942 3287315.895463 0.000000 0.000000 0.000000 1.000000
5.100000 -2849735.272251 4656340.068942 3287316.396463 0.000000 0.000000 0.000000 1.000000
5.110000 -2849734.720251 4656340.570942 3287316.898463 0.000000 0.000000 0.000000 1.000000
5.120000 -2849734.167251 4656341.073942 3287317.401463 0.000000 0.000000 0.000000 1.000000
5.130000 -2849733.613251 4656341.577942 3287317.905463 0.000000 0.000000 0.000000 1.000000
5.140000 -2849733.058251 4656342.082942 3287318.410463 0.000000 0.000000 0.000000 1.000000
5.150000 -2849732.502251 4656342.588942 3287318.916463 0.000000 0.000000 0.000000 1.000000
5.160000 -2849731.945251 4656343.095942 3287319.423463 0.000000 0.000000 0.000000 1.000000
5.170000 -2849731.387251 4656343.603942 3287319.931463 0.000000 0.000000 0.000000 1.000000
5.180000 -2849730.828251 4656344.112942 3287320.440463 0.000000 0.000000 0.000000 1.000000
5.190000 -2849730.268251 4656344.622942 3287320.950463 0.000000 0.000000 0.000000 1.000000
5.200000 -2849729.707251 4656345.133942 3287321.461463 0.000000 0.000000 0.000000 1.000000
5.210000 -2849729.145251 4656345.645942 3287321.973463 0.000000 0.000000 0.000000 1.000000
5.220000 -2849728.582251 4656346.158942 3287322.486463 0.000000 0.000000 0.000000 1.000000
5.230000 -2849728.018251 4656346.672942 3287323.000463 0.000000 0.000000 0.000000 1.000000
5.240000 -2849727.453251 4656347.187942 3287323.515463 0.000000 0.000000 0.000000 1.000000
5.250000 -2849726.887251 4656347.703942 3287324.031463 0.000000 0.000000 0.000000 1.000000
5.260000 -2849726.320251 4656348.220942 3287324.548463 0.000000 0.000000 0.000000 1.000000
5.270000 -2849725.752251 4656348.738942 3287325.066463 0.000000 0.000000 0.000000 1.000000
5.280000 -2849725.183251 4656349.257942 3287325.585463 0.000000 0.000000 0.000000 1.000000
5.290000 -2849724.613251 4656349.777942 3287326.105463 0.000000 0.000000 0.000000 1.000000
5.300000 -2849724.042251 4656350.298942 3287326.626463 0.000000 0.000000 0.000000 1.000000
5.310000 -2849723.470251 4656350.820942 3287327.148463 0.000000 0.000000 0.000000 1.000000
5.320000 -2849722.897251 4656351.343942 3287327.671463 0.000000 0.000000 0.000000 1.000000
5.330000 -2849722.323251 4656351.867942 3287328.195463 0.000000 0.000000 0.000000 1.000000
5.340000 -2849721.748251 4656352.392942 3287328.720463 0.000000 0.000000 0.000000 1.000000
5.350000 -2849721.172251 4656352.918942 3287329.246463 0.000000 0.000000 0.000000 1.000000
5.360000 -2849720.595251 4656353.445942 3287329.773463 0.000000 0.000000 0.000000 1.000000
5.370000 -2849720.017251 4656353.973942 3287330.301463 0.000000 0.000000 0.000000 1.000000
5.380000 -2849719.438251 4656354.502942 3287330.830463 0.000000 0.000000 0.000000 1.000000
5.390000 -2849718.858251 4656355.032942 3287331.360463 0.000000 0.000000 0.000000 1.000000
5.400000 -2849718.277251 4656355.563942 3287331.891463 0.000000 0.000000 0.000000 1.000000
5.410000 -2849717.695251 4656356.095942 3287332.423463 0.000000 0.000000 0.000000 1.000000
5.420000 -2849717.112251 4656356.628942 3287332.956463 0.000000 0.000000 0.000000 1.000000
5.430000 -2849716.528251 4656357.162942 3287333.490463 0.000000 0.000000 0.000000 1.000000
5.440000 -2849715.943251 4656357.697942 3287334.025463 0.000000 0.000000 0.000000 1.000000
5.450000 -2849715.357251 4656358.233942 3287334.561463 0.000000 0.000000 0.000000 1.000000
5.460000 -2849714.770251 4656358.770942 3287335.098463 0.000000 0.000000 0.000000 1.000000
5.470000 -2849714.182251 4656359.308942 3287335.636463 0.000000 0.000000 0.000000 1.000000
5.480000 -2849713.593251 4656359.847942 3287336.175463 0.000000 0.000000 0.000000 1.000000
5.490000 -2849713.003251 4656360.387942 3287336.715463 0.000000 0.000000 0.000000 1.000000
5.500000 -2849712.412251 4656360.928942 3287337.256463 0.000000 0.000000 0.000000 1.000000
5.510000 -2849711.820251 4656361.470942 3287337.798463 0.000000 0.000000 0.000000 1.000000
5.520000 -2849711.227251 4656362.013942 3287338.341463 0.000000 0.000000 0.000000 1.000000
5.530000 -2849710.633251 4656362.557942 3287338.885463 0.000000 0.000000 0.000000 1.000000
5.540000 -2849710.038251 4656363.102942 3287339.430463 0.000000 0.000000 0.000000 1.000000
5.550000 -2849709.442251 4656363.648942 3287339.976463 0.000000 0.000000 0.000000 1.000000
5.560000 -2849708.845251 4656364.195942 3287340.523463 0.000000 0.000000 0.000000 1.000000
5.570000 -2849708.247251 4656364.743942 3287341.071463 0.000000 0.000000 0.000000 1.000000
5.580000 -2849707.648251 4656365.292942 3287341.620463 0.000000 0.000000 0.000000 1.000000
5.590000 -2849707.048251 4656365.842942 3287342.170463 0.000000 0.000000 0.000000 1.000000
5.600000 -2849706.447251 4656366.393942 3287342.721463 0.000000 0.000000 0.000000 1.000000
5.610000 -2849705.845251 4656366.945942 3287343.273463 0.000000 0.000000 0.000000 1.000000
5.620000 -2849705.242251 4656367.498942 3287343.826463 0.000000 0.000000 0.000000 1.000000
5.630000 -2849704.638251 4656368.052942 3287344.380463 0.000000 0.000000 0.000000 1.000000
5.640000 -2849704.033251 4656368.607942 3287344.935463 0.000000 0.000000 0.000000 1.000000
5.650000 -2849703.427251 4656369.163942 3287345.491463 0.000000 0.000000 0.000000 1.000000
5.660000 -2849702.820251 4656369.720942 3287346.048463 0.000000 0.000000 0.000000 1.000000
5.670000 -2849702.212251 4656370.278942 3287346.606463 0.000000 0.000000 0.000000 1.000000
5.680000 -2849701.603251 4656370.837942 3287347.165463 0.000000 0.000000 0.000000 1.000000
5.690000 -2849700.993251 4656371.397942 3287347.725463 0.000000 0.000000 0.000000 1.000000
5.700000 -2849700.382251 4656371.958942 3287348.286463 0.000000 0.000000 0.000000 1.000000
5.710000 -2849699.770251 4656372.520942 3287348.848463 0.000000 0.000000 0.000000 1.000000
5.720000 -2849699.157251 4656373.083942 3287349.411463 0.000000 0.000000 0.000000 1.000000
5.730000 -2849698.543251 4656373.647942 3287349.975463 0.000000 0.000000 0.000000 1.000000
5.740000 -2849697.928251 4656374.212942 3287350.540463 0.000000 0.000000 0.000000 1.000000
5.750000 -2849697.312251 4656374.778942 3287351.106463 0.000000 0.000000 0.000000 1.000000
5.760000 -2849696.695251 4656375.345942 3287351.673463 0.000000 0.000000 0.000000 1.000000
5.770000 -2849696.077251 4656375.913942 3287352.241463 0.000000 0.000000 0.000000 1.000000
5.780000 -2849695.458251 4656376.482942 3287352.810463 0.000000 0.000000 0.000000 1.000000
5.790000 -2849694.838251 4656377.052942 3287353.380463 0.000000 0.000000 0.000000 1.000000
5.800000 -2849694.217251 4656377.623942 3287353.951463 0.000000 0.000000 0.000000 1.000000
5.810000 -2849693.595251 4656378.195942 3287354.523463 0.000000 0.000000 0.000000 1.000000
5.820000 -2849692.972251 4656378.768942 3287355.096463 0.000000 0.000000 0.000000 1.000000
5.830000 -2849692.348251 4656379.342942 3287355.670463 0.000000 0.000000 0.000000 1.000000
5.840000 -2849691.723251 4656379.917942 3287356.245463 0.000000 0.000000 0.000000 1.000000
5.850000 -2849691.097251 4656380.493942 3287356.821463 0.000000 0.000000 0.000000 1.000000
5.860000 -2849690.470251 4656381.070942 3287357.398463 0.000000 0.000000 0.000000 1.000000
5.870000 -2849689.842251 4656381.648942 3287357.976463 0.000000 0.000000 0.000000 1.000000
5.880000 -2849689.213251 4656382.227942 3287358.555463 0.000000 0.000000 0.000000 1.000000
5.890000 -2849688.583251 4656382.807942 3287359.135463 0.000000 0.000000 0.000000 1.000000
5.900000 -2849687.952251 4656383.388942 3287359.716463 0.000000 0.000000 0.000000 1.000000
5.910000 -2849687.320251 4656383.970942 3287360.298463 0.000000 0.000000 0.000000 1.000000
5.920000 -2849686.687251 4656384.553942 3287360.881463 0.000000 0.000000 0.000000 1.000000
5.930000 -2849686.053251 4656385.137942 3287361.465463 0.000000 0.000000 0.000000 1.000000
5.940000 -2849685.418251 4656385.722942 3287362.050463 0.000000 0.000000 0.000000 1.000000
5.950000 -2849684.782251 4656386.308942 3287362.636463 0.000000 0.000000 0.000000 1.000000
5.960000 -2849684.145251 4656386.895942 3287363.223463 0.000000 0.000000 0.000000 1.000000
5.970000 -2849683.507251 4656387.483942 3287363.811463 0.000000 0.000000 0.000000 1.000000
5.980000 -2849682.868251 4656388.072942 3287364.400463 0.000000 0.000000 0.000000 1.000000
5.990000 -2849682.228251 4656388.662942 3287364.990463 0.000000 0.000000 0.000000 1.000000
6.000000 -2849681.587251 4656389.253942 3287365.581463 0.000000 0.000000 0.000000 1.000000
6.010000 -2849680.945251 4656389.845942 3287366.173463 0.000000 0.000000 0.000000 1.000000
6.020000 -2849680.302251 4656390.438942 3287366.766463 0.000000 0.000000 0.000000 1.000000
6.030000 -2849679.658251 4656391.032942 3287367.360463 0.000000 0.000000 0.000000 1.000000
6.040000 -2849679.013251 4656391.627942 3287367.955463 0.000000 0.000000 0.000000 1.000000
6.050000 -2849678.367251 4656392.223942 3287368.551463 0.000000 0.000000 0.000000 1.000000
6.060000 -2849677.720251 4656392.820942 3287369.148463 0.000000 0.000000 0.000000 1.000000
6.070000 -2849677.072251 4656393.418942 3287369.746463 0.000000 0.000000 0.000000 1.000000
6.080000 -2849676.423251 4656394.017942 3287370.345463 0.000000 0.000000 0.000000 1.000000
6.090000 -2849675.773251 4656394.617942 3287370.945463 0.000000 0.000000 0.000000 1.000000
6.100000 -2849675.122251 4656395.218942 3287371.546463 0.000000 0.000000 0.000000 1.000000
6.110000 -2849674.470251 4656395.820942 3287372.148463 0.000000 0.000000 0.000000 1.000000
6.120000 -2849673.817251 4656396.423942 3287372.751463 0.000000 0.000000 0.000000 1.000000
6.130000 -2849673.163251 4656397.027942 3287373.355463 0.000000 0.000000 0.000000 1.000000
6.140000 -2849672.508251 4656397.632942 3287373.960463 0.000000 0.000000 0.000000 1.000000
6.150000 -2849671.852251 4656398.238942 3287374.566463 0.000000 0.000000 0.000000 1.000000
6.160000 -2849671.195251 4656398.845942 3287375.173463 0.000000 0.000000 0.000000 1.000000
6.170000 -2849670.537251 4656399.453942 3287375.781463 0.000000 0.000000 0.000000 1.000000
6.180000 -2849669.878251 4656400.062942 3287376.390463 0.000000 0.000000 0.000000 1.000000
6.190000 -2849669.218251 4656400.672942 3287377.000463 0.000000 0.000000 0.000000 1.000000
6.200000 -2849668.557251 4656401.283942 3287377.611463 0.000000 0.000000 0.000000 1.000000
6.210000 -2849667.895251 4656401.895942 3287378.223463 0.000000 0.000000 0.000000 1.000000
6.220000 -2849667.232251 4656402.508942 3287378.836463 0.000000 0.000000 0.000000 1.000000
6.230000 -2849666.568251 4656403.122942 3287379.450463 0.000000 0.000000 0.000000 1.000000
6.240000 -2849665.903251 4656403.737942 3287380.065463 0.000000 0.000000 0.000000 1.000000
6.250000 -2849665.237251 4656404.353942 3287380.681463 0.000000 0.000000 0.000000 1.000000
6.260000 -2849664.570251 4656404.970942 3287381.298463 0.000000 0.000000 0.000000 1.000000
6.270000 -2849663.902251 4656405.588942 3287381.916463 0.000000 0.000000 0.000000 1.000000
6.280000 -2849663.233251 4656406.207942 3287382.535463 0.000000 0.000000 0.000000 1.000000
6.290000 -2849662.563251 4656406.827942 3287383.155463 0.000000 0.000000 0.000000 1.000000
6.300000 -2849661.892251 4656407.448942 3287383.776463 0.000000 0.000000 0.000000 1.000000
6.310000 -2849661.220251 4656408.070942 3287384.398463 0.000000 0.000000 0.000000 1.000000
6.320000 -2849660.547251 4656408.693942 3287385.021463 0.000000 0.000000 0.000000 1.000000
6.330000 -2849659.873251 4656409.317942 3287385.645463 0.000000 0.000000 0.000000 1.000000
6.340000 -2849659.198251 4656409.942942 3287386.270463 0.000000 0.000000 0.000000 1.000000
6.350000 -2849658.522251 4656410.568942 3287386.896463 0.000000 0.000000 0.000000 1.000000
6.360000 -2849657.845251 4656411.195942 3287387.523463 0.000000 0.000000 0.000000 1.000000
6.370000 -2849657.167251 4656411.823942 3287388.151463 0.000000 0.000000 0.000000 1.000000
6.380000 -2849656.488251 4656412.452942 3287388.780463 0.000000 0.000000 0.000000 1.000000
6.390000 -2849655.808251 4656413.082942 3287389.410463 0.000000 0.000000 0.000000 1.000000
6.400000 -2849655.127251 4656413.713942 3287390.041463 0.000000 0.000000 0.000000 1.000000
6.410000 -2849654.445251 4656414.345942 3287390.673463 0.000000 0.000000 0.000000 1.000000
6.420000 -2849653.762251 4656414.978942 3287391.306463 0.000000 0.000000 0.000000 1.000000
6.430000 -2849653.078251 4656415.612942 3287391.940463 0.000000 0.000000 0.000000 1.000000
6.440000 -2849652.393251 4656416.247942 3287392.575463 0.000000 0.000000 0.000000 1.000000
6.450000 -2849651.707251 4656416.883942 3287393.211463 0.000000 0.000000 0.000000 1.000000
6.460000 -2849651.020251 4656417.520942 3287393.848463 0.000000 0.000000 0.000000 1.000000
6.470000 -2849650.332251 4656418.158942 3287394.486463 0.000000 0.000000 0.000000 1.000000
6.480000 -2849649.643251 4656418.797942 3287395.125463 0.000000 0.000000 0.000000 1.000000
6.490000 -2849648.953251 4656419.437942 3287395.765463 0.000000 0.000000 0.000000 1.000000
6.500000 -2849648.262251 4656420.078942 3287396.406463 0.000000 0.000000 0.000000 1.000000
6.510000 -2849647.570251 4656420.720942 3287397.048463 0.000000 0.000000 0.000000 1.000000
6.520000 -2849646.877251 4656421.363942 3287397.691463 0.000000 0.000000 0.000000 1.000000
6.530000 -2849646.183251 4656422.007942 3287398.335463 0.000000 0.000000 0.000000 1.000000
6.540000 -2849645.488251 4656422.652942 3287398.980463 0.000000 0.000000 0.000000 1.000000
6.550000 -2849644.792251 4656423.298942 3287399.626463 0.000000 0.000000 0.000000 1.000000
6.560000 -2849644.095251 4656423.945942 3287400.273463 0.000000 0.000000 0.000000 1.000000
6.570000 -2849643.397251 4656424.593942 3287400.921463 0.000000 0.000000 0.000000 1.000000
6.580000 -2849642.698251 4656425.242942 3287401.570463 0.000000 0.000000 0.000000 1.000000
6.590000 -2849641.998251 4656425.892942 3287402.220463 0.000000 0.000000 0.000000 1.000000
6.600000 -2849641.297251 4656426.543942 3287402.871463 0.000000 0.000000 0.000000 1.000000
6.610000 -2849640.595251 4656427.195942 3287403.523463 0.000000 0.000000 0.000000 1.000000
6.620000 -2849639.892251 4656427.848942 3287404.176463 0.000000 0.000000 0.000000 1.000000
6.630000 -2849639.188251 4656428.502942 3287404.830463 0.000000 0.000000 0.000000 1.000000
6.640000 -2849638.483251 4656429.157942 3287405.485463 0.000000 0.000000 0.000000 1.000000
6.650000 -2849637.777251 4656429.813942 3287406.141463 0.000000 0.000000 0.000000 1.000000
6.660000 -2849637.070251 4656430.470942 3287406.798463 0.000000 0.000000 0.000000 1.000000
6.670000 -2849636.362251 4656431.128942 3287407.456463 0.000000 0.000000 0.000000 1.000000
6.680000 -2849635.653251 4656431.787942 3287408.115463 0.000000 0.000000 0.000000 1.000000
6.690000 -2849634.943251 4656432.447942 3287408.775463 0.000000 0.000000 0.000000 1.000000
6.700000 -2849634.232251 4656433.108942 3287409.436463 0.000000 0.000000 0.000000 1.000000
6.710000 -2849633.520251 4656433.770942 3287410.098463 0.000000 0.000000 0.000000 1.000000
6.720000 -2849632.807251 4656434.433942 3287410.761463 0.000000 0.000000 0.000000 1.000000
6.730000 -2849632.093251 4656435.097942 3287411.425463 0.000000 0.000000 0.000000 1.000000
6.740000 -2849631.378251 4656435.762942 3287412.090463 0.000000 0.000000 0.000000 1.000000
6.750000 -2849630.662251 4656436.428942 3287412.756463 0.000000 0.000000 0.000000 1.000000
6.760000 -2849629.945251 4656437.095942 3287413.423463 0.000000 0.000000 0.000000 1.000000
6.770000 -2849629.227251 4656437.763942 3287414.091463 0.000000 0.000000 0.000000 1.000000
6.780000 -2849628.508251 4656438.432942 3287414.760463 0.000000 0.000000 0.000000 1.000000
6.790000 -2849627.788251 4656439.102942 3287415.430463 0.000000 0.000000 0.000000 1.000000
6.800000 -2849627.067251 4656439.773942 3287416.101463 0.000000 0.000000 0.000000 1.000000
6.810000 -2849626.345251 4656440.445942 3287416.773463 0.000000 0.000000 0.000000 1.000000
6.820000 -2849625.622251 4656441.118942 3287417.446463 0.000000 0.000000 0.000000 1.000000
6.830000 -2849624.898251 4656441.792942 3287418.120463 0.000000 0.000000 0.000000 1.000000
6.840000 -2849624.173251 4656442.467942 3287418.795463 0.000000 0.000000 0.000000 1.000000
6.850000 -2849623.447251 4656443.143942 3287419.471463 0.000000 0.000000 0.000000 1.000000
6.860000 -2849622.720251 4656443.820942 3287420.148463 0.000000 0.000000 0.000000 1.000000
6.870000 -2849621.992251 4656444.498942 3287420.826463 0.000000 0.000000 0.000000 1.000000
6.880000 -2849621.263251 4656445.177942 3287421.505463 0.000000 0.000000 0.000000 1.000000
6.890000 -2849620.533251 4656445.857942 3287422.185463 0.000000 0.000000 0.000000 1.000000
6.900000 -2849619.802251 4656446.538942 3287422.866463 0.000000 0.000000 0.000000 1.000000
6.910000 -2849619.070251 4656447.220942 3287423.548463 0.000000 0.000000 0.000000 1.000000
6.920000 -2849618.337251 4656447.903942 3287424.231463 0.000000 0.000000 0.000000 1.000000
6.930000 -2849617.603251 4656448.587942 3287424.915463 0.000000 0.000000 0.000000 1.000000
6.940000 -2849616.868251 4656449.272942 3287425.600463 0.000000 0.000000 0.000000 1.000000
6.950000 -2849616.132251 4656449.958942 3287426.286463 0.000000 0.000000 0.000000 1.000000
6.960000 -2849615.395251 4656450.645942 3287426.973463 0.000000 0.000000 0.000000 1.000000
6.970000 -2849614.657251 4656451.333942 3287427.661463 0.000000 0.000000 0.000000 1.000000
6.980000 -2849613.918251 4656452.022942 3287428.350463 0.000000 0.000000 0.000000 1.000000
6.990000 -2849613.178251 4656452.712942 3287429.040463 0.000000 0.000000 0.000000 1.000000
7.000000 -2849612.437251 4656453.403942 3287429.731463 0.000000 0.000000 0.000000 1.000000
7.010000 -2849611.695251 4656454.095942 3287430.423463 0.000000 0.000000 0.000000 1.000000
7.020000 -2849610.952251 4656454.788942 3287431.116463 0.000000 0.000000 0.000000 1.000000
7.030000 -2849610.208251 4656455.482942 3287431.810463 0.000000 0.000000 0.000000 1.000000
7.040000 -2849609.463251 4656456.177942 3287432.505463 0.000000 0.000000 0.000000 1.000000
7.050000 -2849608.717251 4656456.873942 3287433.201463 0.000000 0.000000 0.000000 1.000000
7.060000 -2849607.970251 4656457.570942 3287433.898463 0.000000 0.000000 0.000000 1.000000
7.070000 -2849607.222251 4656458.268942 3287434.596463 0.000000 0.000000 0.000000 1.000000
7.080000 -2849606.473251 4656458.967942 3287435.295463 0.000000 0.000000 0.000000 1.000000
7.090000 -2849605.723251 4656459.667942 3287435.995463 0.000000 0.000000 0.000000 1.000000
7.100000 -2849604.972251 4656460.368942 3287436.696463 0.000000 0.000000 0.000000 1.000000
7.110000 -2849604.220251 4656461.070942 3287437.398463 0.000000 0.000000 0.000000 1.000000
7.120000 -2849603.467251 4656461.773942 3287438.101463 0.000000 0.000000 0.000000 1.000000
7.130000 -2849602.713251 4656462.477942 3287438.805463 0.000000 0.000000 0.000000 1.000000
7.140000 -2849601.958251 4656463.182942 3287439.510463 0.000000 0.000000 0.000000 1.000000
7.150000 -2849601.202251 4656463.888942 3287440.216463 0.000000 0.000000 0.000000 1.000000
7.160000 -2849600.445251 4656464.595942 3287440.923463 0.000000 0.000000 0.000000 1.000000
7.170000 -2849599.687251 4656465.303942 3287441.631463 0.000000 0.000000 0.000000 1.000000
7.180000 -2849598.928251 4656466.012942 3287442.340463 0.000000 0.000000 0.000000 1.000000
7.190000 -2849598.168251 4656466.722942 3287443.050463 0.000000 0.000000 0.000000 1.000000
7.200000 -2849597.407251 4656467.433942 3287443.761463 0.000000 0.000000 0.000000 1.000000
7.210000 -2849596.645251 4656468.145942 3287444.473463 0.000000 0.000000 0.000000 1.000000
7.220000 -2849595.882251 4656468.858942 3287445.186463 0.000000 0.000000 0.000000 1.000000
7.230000 -2849595.118251 4656469.572942 3287445.900463 0.000000 0.000000 0.000000 1.000000
7.240000 -2849594.353251 4656470.287942 3287446.615463 0.000000 0.000000 0.000000 1.000000
7.250000 -2849593.587251 4656471.003942 3287447.331463 0.000000 0.000000 0.000000 1.000000
7.260000 -2849592.820251 4656471.720942 3287448.048463 0.000000 0.000000 0.000000 1.000000
7.270000 -2849592.052251 4656472.438942 3287448.766463 0.000000 0.000000 0.000000 1.000000
7.280000 -2849591.283251 4656473.157942 3287449.485463 0.000000 0.000000 0.000000 1.000000
7.290000 -2849590.513251 4656473.877942 3287450.205463 0.000000 0.000000 0.000000 1.000000
7.300000 -2849589.742251 4656474.598942 3287450.926463 0.000000 0.000000 0.000000 1.000000
7.310000 -2849588.970251 4656475.320942 3287451.648463 0.000000 0.000000 0.000000 1.000000
7.320000 -2849588.197251 4656476.043942 3287452.371463 0.000000 0.000000 0.000000 1.000000
7.330000 -2849587.423251 4656476.767942 3287453.095463 0.000000 0.000000 0.000000 1.000000
7.340000 -2849586.648251 4656477.492942 3287453.820463 0.000000 0.000000 0.000000 1.000000
7.350000 -2849585.872251 4656478.218942 3287454.546463 0.000000 0.000000 0.000000 1.000000
7.360000 -2849585.095251 4656478.945942 3287455.273463 0.000000 0.000000 0.000000 1.000000
7.370000 -2849584.317251 4656479.673942 3287456.001463 0.000000 0.000000 0.000000 1.000000
7.380000 -2849583.538251 4656480.402942 3287456.730463 0.000000 0.000000 0.000000 1.000000
7.390000 -2849582.758251 4656481.132942 3287457.460463 0.000000 0.000000 0.000000 1.000000
7.400000 -2849581.977251 4656481.863942 3287458.191463 0.000000 0.000000 0.000000 1.000000
7.410000 -2849581.195251 4656482.595942 3287458.923463 0.000000 0.000000 0.000000 1.000000
7.420000 -2849580.412251 4656483.328942 3287459.656463 0.000000 0.000000 0.000000 1.000000
7.430000 -2849579.628251 4656484.062942 3287460.390463 0.000000 0.000000 0.000000 1.000000
7.440000 -2849578.843251 4656484.797942 3287461.125463 0.000000 0.000000 0.000000 1.000000
7.450000 -2849578.057251 4656485.533942 3287461.861463 0.000000 0.000000 0.000000 1.000000
7.460000 -2849577.270251 4656486.270942 3287462.598463 0.000000 0.000000 0.000000 1.000000
7.470000 -2849576.482251 4656487.008942 3287463.336463 0.000000 0.000000 0.000000 1.000000
7.480000 -2849575.693251 4656487.747942 3287464.075463 0.000000 0.000000 0.000000 1.000000
7.490000 -2849574.903251 4656488.487942 3287464.815463 0.000000 0.000000 0.000000 1.000000
7.500000 -2849574.112251 4656489.228942 3287465.556463 0.000000 0.000000 0.000000 1.000000
7.510000 -2849573.320251 4656489.970942 3287466.298463 0.000000 0.000000 0.000000 1.000000
7.520000 -2849572.527251 4656490.713942 3287467.041463 0.000000 0.000000 0.000000 1.000000
7.530000 -2849571.733251 4656491.457942 3287467.785463 0.000000 0.000000 0.000000 1.000000
7.540000 -2849570.938251 4656492.202942 3287468.530463 0.000000 0.000000 0.000000 1.000000
7.550000 -2849570.142251 4656492.948942 3287469.276463 0.000000 0.000000 0.000000 1.000000
7.560000 -2849569.345251 4656493.695942 3287470.023463 0.000000 0.000000 0.000000 1.000000
7.570000 -2849568.547251 4656494.443942 3287470.771463 0.000000 0.000000 0.000000 1.000000
7.580000 -2849567.748251 4656495.192942 3287471.520463 0.000000 0.000000 0.000000 1.000000
7.590000 -2849566.948251 4656495.942942 3287472.270463 0.000000 0.000000 0.000000 1.000000
7.600000 -2849566.147251 4656496.693942 3287473.021463 0.000000 0.000000 0.000000 1.000000
7.610000 -2849565.345251 4656497.445942 3287473.773463 0.000000 0.000000 0.000000 1.000000
7.620000 -2849564.542251 4656498.198942 3287474.526463 0.000000 0.000000 0.000000 1.000000
7.630000 -2849563.738251 4656498.952942 3287475.280463 0.000000 0.000000 0.000000 1.000000
7.640000 -2849562.933251 4656499.707942 3287476.035463 0.000000 0.000000 0.000000 1.000000
7.650000 -2849562.127251 4656500.463942 3287476.791463 0.000000 0.000000 0.000000 1.000000
7.660000 -2849561.320251 4656501.220942 3287477.548463 0.000000 0.000000 0.000000 1.000000
7.670000 -2849560.512251 4656501.978942 3287478.306463 0.000000 0.000000 0.000000 1.000000
7.680000 -2849559.703251 4656502.737942 3287479.065463 0.000000 0.000000 0.000000 1.000000
7.690000 -2849558.893251 4656503.497942 3287479.825463 0.000000 0.000000 0.000000 1.000000
7.700000 -2849558.082251 4656504.258942 3287480.586463 0.000000 0.000000 0.000000 1.000000
7.710000 -2849557.270251 4656505.020942 3287481.348463 0.000000 0.000000 0.000000 1.000000
7.720000 -2849556.457251 4656505.783942 3287482.111463 0.000000 0.000000 0.000000 1.000000
7.730000 -2849555.643251 4656506.547942 3287482.875463 0.000000 0.000000 0.000000 1.000000
7.740000 -2849554.828251 4656507.312942 3287483.640463 0.000000 0.000000 0.000000 1.000000
7.750000 -2849554.012251 4656508.078942 3287484.406463 0.000000 0.000000 0.000000 1.000000
7.760000 -2849553.195251 4656508.845942 3287485.173463 0.000000 0.000000 0.000000 1.000000
7.770000 -2849552.377251 4656509.613942 3287485.941463 0.000000 0.000000 0.000000 1.000000
7.780000 -2849551.558251 4656510.382942 3287486.710463 0.000000 0.000000 0.000000 1.000000
7.790000 -2849550.738251 4656511.152942 3287487.480463 0.000000 0.000000 0.000000 1.000000
7.800000 -2849549.917251 4656511.923942 3287488.251463 0.000000 0.000000 0.000000 1.000000
7.810000 -2849549.095251 4656512.695942 3287489.023463 0.000000 0.000000 0.000000 1.000000
7.820000 -2849548.272251 4656513.468942 3287489.796463 0.000000 0.000000 0.000000 1.000000
7.830000 -2849547.448251 4656514.242942 3287490.570463 0.000000 0.000000 0.000000 1.000000
7.840000 -2849546.623251 4656515.017942 3287491.345463 0.000000 0.000000 0.000000 1.000000
7.850000 -2849545.797251 4656515.793942 3287492.121463 0.000000 0.000000 0.000000 1.000000
7.860000 -2849544.970251 4656516.570942 3287492.898463 0.000000 0.000000 0.000000 1.000000
7.870000 -2849544.142251 4656517.348942 3287493.676463 0.000000 0.000000 0.000000 1.000000
7.880000 -2849543.313251 4656518.127942 3287494.455463 0.000000 0.000000 0.000000 1.000000
7.890000 -2849542.483251 4656518.907942 3287495.235463 0.000000 0.000000 0.000000 1.000000
7.900000 -2849541.652251 4656519.688942 3287496.016463 0.000000 0.000000 0.000000 1.000000
7.910000 -2849540.820251 4656520.470942 3287496.798463 0.000000 0.000000 0.000000 1.000000
7.920000 -2849539.987251 4656521.253942 3287497.581463 0.000000 0.000000 0.000000 1.000000
7.930000 -2849539.153251 4656522.037942 3287498.365463 0.000000 0.000000 0.000000 1.000000
7.940000 -2849538.318251 4656522.822942 3287499.150463 0.000000 0.000000 0.000000 1.000000
7.950000 -2849537.482251 4656523.608942 3287499.936463 0.000000 0.000000 0.000000 1.000000
7.960000 -2849536.645251 4656524.395942 3287500.723463 0.000000 0.000000 0.000000 1.000000
7.970000 -2849535.807251 4656525.183942 3287501.511463 0.000000 0.000000 0.000000 1.000000
7.980000 -2849534.968251 4656525.972942 3287502.300463 0.000000 0.000000 0.000000 1.000000
7.990000 -2849534.128251 4656526.762942 3287503.090463 0.000000 0.000000 0.000000 1.000000
8.000000 -2849533.287251 4656527.553942 3287503.881463 0.000000 0.000000 0.000000 1.000000
8.010000 -2849532.445251 4656528.345942 3287504.673463 0.000000 0.000000 0.000000 1.000000
8.020000 -2849531.602251 4656529.138942 3287505.466463 0.000000 0.000000 0.000000 1.000000
8.030000 -2849530.758251 4656529.932942 3287506.260463 0.000000 0.000000 0.000000 1.000000
8.040000 -2849529.913251 4656530.727942 3287507.055463 0.000000 0.000000 0.000000 1.000000
8.050000 -2849529.067251 4656531.523942 3287507.851463 0.000000 0.000000 0.000000 1.000000
8.060000 -2849528.220251 4656532.320942 3287508.648463 0.000000 0.000000 0.000000 1.000000
8.070000 -2849527.372251 4656533.118942 3287509.446463 0.000000 0.000000 0.000000 1.000000
8.080000 -2849526.523251 4656533.917942 3287510.245463 0.000000 0.000000 0.000000 1.000000
8.090000 -2849525.673251 4656534.717942 3287511.045463 0.000000 0.000000 0.000000 1.000000
8.100000 -2849524.822251 4656535.518942 3287511.846463 0.000000 0.000000 0.000000 1.000000
8.110000 -2849523.970251 4656536.320942 3287512.648463 0.000000 0.000000 0.000000 1.000000
8.120000 -2849523.117251 4656537.123942 3287513.451463 0.000000 0.000000 0.000000 1.000000
8.130000 -2849522.263251 4656537.927942 3287514.255463 0.000000 0.000000 0.000000 1.000000
8.140000 -2849521.408251 4656538.732942 3287515.060463 0.000000 0.000000 0.000000 1.000000
8.150000 -2849520.552251 4656539.538942 3287515.866463 0.000000 0.000000 0.000000 1.000000
